1625.000000 1.22241336e-03
1630.000000 1.97060856e-03
1635.000000 3.01618680e-03
1640.000000 4.20088266e-03
1645.000000 5.68886946e-03
1648.000000 6.57850173e-03
1650.000000 7.17696906e-03
1655.000000 8.70012126e-03
1660.000000 1.05337554e-02
1665.000000 1.21111926e-02
1670.000000 1.37069598e-02
1675.000000 1.53592679e-02
1680.000000 1.70382251e-02
1685.000000 1.84712078e-02
1690.000000 1.97737655e-02
1695.000000 2.11392798e-02
1700.000000 2.20480246e-02
1705.000000 2.30098559e-02
1710.000000 2.43257381e-02
1715.000000 2.50284820e-02
1720.000000 2.60880968e-02
1725.000000 2.68501311e-02
1730.000000 2.78044894e-02
1735.000000 2.88030512e-02
1740.000000 2.92752601e-02
1745.000000 3.01421985e-02
1750.000000 3.10270438e-02
1755.000000 3.16098672e-02
1760.000000 3.21997406e-02
1765.000000 3.27092440e-02
1770.000000 3.32235414e-02
1775.000000 3.37535602e-02
1780.000000 3.42885846e-02
1785.000000 3.48387665e-02
1790.000000 3.53942359e-02
1795.000000 3.59659203e-02
1800.000000 3.65431037e-02
1805.000000 3.70696681e-02
1810.000000 3.76001805e-02
1815.000000 3.81451454e-02
1820.000000 3.86942698e-02
1825.000000 3.92573531e-02
1830.000000 3.98248075e-02
1835.000000 4.04066439e-02
1840.000000 4.09928513e-02
1845.000000 4.15932292e-02
1850.000000 4.21981191e-02
1855.000000 4.27181270e-02
1860.000000 4.32401794e-02
1865.000000 4.37745692e-02
1870.000000 4.43110036e-02
1875.000000 4.48592820e-02
1879.000000 4.52994134e-02
1880.000000 4.53909224e-02
1885.000000 4.58585488e-02
1890.000000 4.63259637e-02
1895.000000 4.68024026e-02
1900.000000 4.72786300e-02
1905.000000 4.78775979e-02
1910.000000 4.84789628e-02
1915.000000 4.90920307e-02
1920.000000 4.97075661e-02
1925.000000 5.03335354e-02
1930.000000 5.09619018e-02
1935.000000 5.16016892e-02
1940.000000 5.22438736e-02
1945.000000 5.28951524e-02
1950.000000 5.35489693e-02
1955.000000 5.42137842e-02
1960.000000 5.48809960e-02
1965.000000 5.55557514e-02
1970.000000 5.62329038e-02
1975.000000 5.69195736e-02
1980.000000 5.76085700e-02
1985.000000 5.83046163e-02
1990.000000 5.90029892e-02
1995.000000 5.97079186e-02
2000.000000 6.04151744e-02
2005.000000 6.12082288e-02
2010.000000 6.20059361e-02
2015.000000 6.28113279e-02
2020.000000 6.36214433e-02
2025.000000 6.44344491e-02
2030.000000 6.52521079e-02
2035.000000 6.60728688e-02
2040.000000 6.68982121e-02
2045.000000 6.77241195e-02
2050.000000 6.85546093e-02
2055.000000 6.93830546e-02
2060.000000 7.02160825e-02
2065.000000 7.10428358e-02
2070.000000 7.18747356e-02
2075.000000 7.26995855e-02
2080.000000 7.35286653e-02
2085.000000 7.43478751e-02
2090.000000 7.51713150e-02
2095.000000 7.59806548e-02
2100.000000 7.67942246e-02
2105.000000 7.75922845e-02
2110.000000 7.83945743e-02
2115.000000 7.91771242e-02
2120.000000 7.99631990e-02
2125.000000 8.07238939e-02
2130.000000 8.14881137e-02
2135.000000 8.22255436e-02
2138.000000 8.26689885e-02
2140.000000 8.29918784e-02
2145.000000 8.37631482e-02
2150.000000 8.45386481e-02
2155.000000 8.52774879e-02
2160.000000 8.60198528e-02
2165.000000 8.67227377e-02
2170.000000 8.74284425e-02
2175.000000 8.80869124e-02
2180.000000 8.87474973e-02
2185.000000 8.93587321e-02
2190.000000 8.99727870e-02
2195.000000 9.05297369e-02
2200.000000 9.10895068e-02
2205.000000 9.29485914e-02
2210.000000 9.48182510e-02
2215.000000 9.66653507e-02
2220.000000 9.85223203e-02
2225.000000 1.00354615e-01
2230.000000 1.02196075e-01
2235.000000 1.04009334e-01
2240.000000 1.05831759e-01
2245.000000 1.07625983e-01
2250.000000 1.09428668e-01
2255.000000 1.11199628e-01
2260.000000 1.12978342e-01
2265.000000 1.14728152e-01
2270.000000 1.16485717e-01
2275.000000 1.18213671e-01
2280.000000 1.19948676e-01
2285.000000 1.21663236e-01
2290.000000 1.23384140e-01
2295.000000 1.25085305e-01
2296.000000 1.25426525e-01
2300.000000 1.26876005e-01
2305.000000 1.28677279e-01
2310.000000 1.30487014e-01
2315.000000 1.32281944e-01
2320.000000 1.34084628e-01
2325.000000 1.35872508e-01
2330.000000 1.37667437e-01
2335.000000 1.39446152e-01
2340.000000 1.41231917e-01
2345.000000 1.43001466e-01
2350.000000 1.44777361e-01
2355.000000 1.46532811e-01
2360.000000 1.48294605e-01
2365.000000 1.50033135e-01
2370.000000 1.51778010e-01
2375.000000 1.53498209e-01
2380.000000 1.55224049e-01
2385.000000 1.56925214e-01
2390.000000 1.58632018e-01
2395.000000 1.60309918e-01
2400.000000 1.61992753e-01
2405.000000 1.63644567e-01
2410.000000 1.65301317e-01
2415.000000 1.66931982e-01
2420.000000 1.68567581e-01
2425.000000 1.70177096e-01
2430.000000 1.71791546e-01
2435.000000 1.73382730e-01
2440.000000 1.74978145e-01
2445.000000 1.76556640e-01
2450.000000 1.78140069e-01
2455.000000 1.79707284e-01
2460.000000 1.81279434e-01
2465.000000 1.82838893e-01
2470.000000 1.84402583e-01
2475.000000 1.85959223e-01
2480.000000 1.87520092e-01
2485.000000 1.89077437e-01
2490.000000 1.90639012e-01
2495.000000 1.92205522e-01
2500.000000 1.93776261e-01
2505.000000 1.95287076e-01
2510.000000 1.96800711e-01
2515.000000 1.98325625e-01
2520.000000 1.99854065e-01
2525.000000 2.01390260e-01
2530.000000 2.02929274e-01
2535.000000 2.04485209e-01
2537.000000 2.05108429e-01
2540.000000 2.05544824e-01
2545.000000 2.06275204e-01
2550.000000 2.06998534e-01
2555.000000 2.07729618e-01
2560.000000 2.08452948e-01
2565.000000 2.09183328e-01
2570.000000 2.09905953e-01
2575.000000 2.10641268e-01
2580.000000 2.11368828e-01
2585.000000 2.12111898e-01
2590.000000 2.12847917e-01
2595.000000 2.13598037e-01
2600.000000 2.11990638e-01
2605.000000 2.12742167e-01
2610.000000 2.13485942e-01
2615.000000 2.14248752e-01
2620.000000 2.15004512e-01
2625.000000 2.15775077e-01
2630.000000 2.16537887e-01
2635.000000 2.17318322e-01
2640.000000 2.18090296e-01
2645.000000 2.18871436e-01
2650.000000 2.19644116e-01
2655.000000 2.20431601e-01
2660.000000 2.21210626e-01
2665.000000 2.22000226e-01
2670.000000 2.22781365e-01
2675.000000 2.23567440e-01
2680.000000 2.24345055e-01
2685.000000 2.25132540e-01
2690.000000 2.25912270e-01
2695.000000 2.26694115e-01
2700.000000 2.29982939e-01
2705.000000 2.31508559e-01
2710.000000 2.33034883e-01
2715.000000 2.34569668e-01
2720.000000 2.36105158e-01
2725.000000 2.37652632e-01
2730.000000 2.39200107e-01
2735.000000 2.40753222e-01
2740.000000 2.42307747e-01
2745.000000 2.43869321e-01
2750.000000 2.45432306e-01
2755.000000 2.45832746e-01
2760.000000 2.46233891e-01
2765.000000 2.46628691e-01
2770.000000 2.47024196e-01
2775.000000 2.47416881e-01
2780.000000 2.47808860e-01
2785.000000 2.48192380e-01
2790.000000 2.48575900e-01
2795.000000 2.48948845e-01
2800.000000 2.49321790e-01
2805.000000 2.49686275e-01
2810.000000 2.50050760e-01
2815.000000 2.50403260e-01
2820.000000 2.50756465e-01
2825.000000 2.51098390e-01
2830.000000 2.51439610e-01
2835.000000 2.51775190e-01
2840.000000 2.52110065e-01
2845.000000 2.52431545e-01
2850.000000 2.52753024e-01
2855.000000 2.53068864e-01
2860.000000 2.53385409e-01
2865.000000 2.53692789e-01
2870.000000 2.54000169e-01
2875.000000 2.54296269e-01
2880.000000 2.54592369e-01
2885.000000 2.54884944e-01
2890.000000 2.55177519e-01
2895.000000 2.55459519e-01
2900.000000 2.55741519e-01
2905.000000 2.55128874e-01
2910.000000 2.54514819e-01
2915.000000 2.53890189e-01
2920.000000 2.53262739e-01
2925.000000 2.52628944e-01
2930.000000 2.51993740e-01
2935.000000 2.51347960e-01
2940.000000 2.50700065e-01
2945.000000 2.50052170e-01
2950.000000 2.49401455e-01
2955.000000 2.48738755e-01
2960.000000 2.48073940e-01
2965.000000 2.47409126e-01
2970.000000 2.46742901e-01
2975.000000 2.46068921e-01
2980.000000 2.45394236e-01
2985.000000 2.44712501e-01
2990.000000 2.44028651e-01
2995.000000 2.43343391e-01
3000.000000 2.42656016e-01
3010.000000 2.41347537e-01
3020.000000 2.40032712e-01
3030.000000 2.38703082e-01
3040.000000 2.37359353e-01
3050.000000 2.36007868e-01
3060.000000 2.34643693e-01
3070.000000 2.33271763e-01
3080.000000 2.31893489e-01
3090.000000 2.30501114e-01
3100.000000 2.29103099e-01
3110.000000 2.30408759e-01
3120.000000 2.31718649e-01
3130.000000 2.33032768e-01
3140.000000 2.34344068e-01
3150.000000 2.35667353e-01
3160.000000 2.36987113e-01
3170.000000 2.38312512e-01
3180.000000 2.39633682e-01
3190.000000 2.40967542e-01
3200.000000 2.42298582e-01
3210.000000 2.43609881e-01
3220.000000 2.44934576e-01
3230.000000 2.46255041e-01
3240.000000 2.47581145e-01
3250.000000 2.48919235e-01
3260.000000 2.50254505e-01
3270.000000 2.51595415e-01
3280.000000 2.52949014e-01
3290.000000 2.54299794e-01
3300.000000 2.55663969e-01
3310.000000 2.57091594e-01
3320.000000 2.58525563e-01
3330.000000 2.59965173e-01
3340.000000 2.61420293e-01
3350.000000 2.62881757e-01
3360.000000 2.64349567e-01
3370.000000 2.65824427e-01
3380.000000 2.67314797e-01
3390.000000 2.68812216e-01
3400.000000 2.70325851e-01
3410.000000 2.71806351e-01
3420.000000 2.73293900e-01
3430.000000 2.74797665e-01
3440.000000 2.76318350e-01
3450.000000 2.77846789e-01
3460.000000 2.79392149e-01
3470.000000 2.80945969e-01
3480.000000 2.82517413e-01
3490.000000 2.84107188e-01
3500.000000 2.85706128e-01
3510.000000 2.87307888e-01
3520.000000 2.88928682e-01
3530.000000 2.90557937e-01
3540.000000 2.92214687e-01
3550.000000 2.93872141e-01
3560.000000 2.95547221e-01
3570.000000 2.97241336e-01
3580.000000 2.98943910e-01
3590.000000 3.00665520e-01
3600.000000 3.02395590e-01
3610.000000 3.04136939e-01
3620.000000 3.05877584e-01
3630.000000 3.07646428e-01
3640.000000 3.09413863e-01
3650.000000 3.11189053e-01
3660.000000 3.12982572e-01
3670.000000 3.14784552e-01
3680.000000 3.16594287e-01
3690.000000 3.18411776e-01
3700.000000 3.20237021e-01
3710.000000 3.22070021e-01
3720.000000 3.23910775e-01
3730.000000 3.25759285e-01
3740.000000 3.27614139e-01
3750.000000 3.29476749e-01
3760.000000 3.31346409e-01
3770.000000 3.33212543e-01
3780.000000 3.35094893e-01
3790.000000 3.36973718e-01
3800.000000 3.38848312e-01
3810.000000 3.40732777e-01
3820.000000 3.42611601e-01
3830.000000 3.44485491e-01
3840.000000 3.46365726e-01
3850.000000 3.48249485e-01
3860.000000 3.50128310e-01
3870.000000 3.52000790e-01
3880.000000 3.53877499e-01
3890.000000 3.55748569e-01
3900.000000 3.57621753e-01
3910.000000 3.59496348e-01
3920.000000 3.61362483e-01
3930.000000 3.63220862e-01
3940.000000 3.65081357e-01
3950.000000 3.66922112e-01
3960.000000 3.68764981e-01
3970.000000 3.70585996e-01
3980.000000 3.72409126e-01
3990.000000 3.74220975e-01
4000.000000 3.76010970e-01
4010.000000 3.75924255e-01
4020.000000 3.75820620e-01
4030.000000 3.75697950e-01
4040.000000 3.75559065e-01
4050.000000 3.75401850e-01
4060.000000 3.75227715e-01
4070.000000 3.75036660e-01
4080.000000 3.74827980e-01
4090.000000 3.74603085e-01
4100.000000 3.74373960e-01
4110.000000 3.74084205e-01
4120.000000 3.73790925e-01
4130.000000 3.73469445e-01
4140.000000 3.73143735e-01
4150.000000 3.72813795e-01
4160.000000 3.72456361e-01
4170.000000 3.72096106e-01
4180.000000 3.71718931e-01
4190.000000 3.71338936e-01
4200.000000 3.70944136e-01
4210.000000 3.71885311e-01
4220.000000 3.72825075e-01
4230.000000 3.73752150e-01
4240.000000 3.74678520e-01
4250.000000 3.75592905e-01
4260.000000 3.76505880e-01
4270.000000 3.77406165e-01
4280.000000 3.78306449e-01
4290.000000 3.79193339e-01
4300.000000 3.80078819e-01
4310.000000 3.80948789e-01
4320.000000 3.81818054e-01
4330.000000 3.82685908e-01
4340.000000 3.83553058e-01
4350.000000 3.84407518e-01
4360.000000 3.85250698e-01
4370.000000 3.86103748e-01
4380.000000 3.86944813e-01
4390.000000 3.87785877e-01
4400.000000 3.88613547e-01
4410.000000 3.89432052e-01
4420.000000 3.90237867e-01
4430.000000 3.91044387e-01
4440.000000 3.91837512e-01
4450.000000 3.92641916e-01
4460.000000 3.93433631e-01
4470.000000 3.94225346e-01
4480.000000 3.95016356e-01
4490.000000 3.95806661e-01
4500.000000 3.96596966e-01
4510.000000 4.00638730e-01
4520.000000 4.04672034e-01
4530.000000 4.08720143e-01
4540.000000 4.12759087e-01
4550.000000 4.16801557e-01
4560.000000 4.20858831e-01
4570.000000 4.24907645e-01
4580.000000 4.28958574e-01
4590.000000 4.33013028e-01
4600.000000 4.37071008e-01
4610.000000 4.41075407e-01
4620.000000 4.45082626e-01
4630.000000 4.49077860e-01
4640.000000 4.53089309e-01
4650.000000 4.57102169e-01
4660.000000 4.61116438e-01
4670.000000 4.65119427e-01
4680.000000 4.69138631e-01
4690.000000 4.73159245e-01
4700.000000 4.77167875e-01
4710.000000 4.81197654e-01
4720.000000 4.85215448e-01
4730.000000 4.89249457e-01
4740.000000 4.93270776e-01
4750.000000 4.97309016e-01
4760.000000 5.01333860e-01
4770.000000 5.05375624e-01
4780.000000 5.09420208e-01
4790.000000 5.13451397e-01
4800.000000 5.17499507e-01
4810.000000 5.21527876e-01
4820.000000 5.25542145e-01
4830.000000 5.29574039e-01
4840.000000 5.33607343e-01
4850.000000 5.37643467e-01
4860.000000 5.41663377e-01
4870.000000 5.45702321e-01
4880.000000 5.49742675e-01
4890.000000 5.53784439e-01
4900.000000 5.57827613e-01
4910.000000 5.61937058e-01
4920.000000 5.66032402e-01
4930.000000 5.70129156e-01
4940.000000 5.74228730e-01
4950.000000 5.78348044e-01
4960.000000 5.82470179e-01
4970.000000 5.86576098e-01
4980.000000 5.90703167e-01
4990.000000 5.94832351e-01
5000.000000 5.98963650e-01
5010.000000 6.03904994e-01
5020.000000 6.08848453e-01
5030.000000 6.13813767e-01
5040.000000 6.18763571e-01
5050.000000 6.23733820e-01
5060.000000 6.28688559e-01
5070.000000 6.33665153e-01
5080.000000 6.38643862e-01
5090.000000 6.43605651e-01
5100.000000 6.48590705e-01
5110.000000 6.53570824e-01
5120.000000 6.58555173e-01
5130.000000 6.63540932e-01
5140.000000 6.68509771e-01
5150.000000 6.73501170e-01
5160.000000 6.78496094e-01
5170.000000 6.83492428e-01
5180.000000 6.88492992e-01
5190.000000 6.93474521e-01
5200.000000 6.98478610e-01
5210.000000 7.03443924e-01
5220.000000 7.08433208e-01
5230.000000 7.13403457e-01
5240.000000 7.18373706e-01
5250.000000 7.23343955e-01
5260.000000 7.28342404e-01
5270.000000 7.33298553e-01
5280.000000 7.38275852e-01
5290.000000 7.43260201e-01
5300.000000 7.48216350e-01
5310.000000 7.53235949e-01
5320.000000 7.58276698e-01
5330.000000 7.63282197e-01
5340.000000 7.68301796e-01
5350.000000 7.73328445e-01
5360.000000 7.78333944e-01
5370.000000 7.83346493e-01
5380.000000 7.88330842e-01
5390.000000 7.93343391e-01
5400.000000 7.98334790e-01
5410.000000 8.03241589e-01
5420.000000 8.08148388e-01
5430.000000 8.13034037e-01
5440.000000 8.17919686e-01
5450.000000 8.22805335e-01
5460.000000 8.27662784e-01
5470.000000 8.32527283e-01
5480.000000 8.37363583e-01
5490.000000 8.42192832e-01
5500.000000 8.47029131e-01
5510.000000 8.51569330e-01
5520.000000 8.56102479e-01
5530.000000 8.60635628e-01
5540.000000 8.65140577e-01
5550.000000 8.69610276e-01
5560.000000 8.74101125e-01
5570.000000 8.78563774e-01
5580.000000 8.83026423e-01
5590.000000 8.87453823e-01
5600.000000 8.91874172e-01
5610.000000 8.94482671e-01
5620.000000 8.97091171e-01
5630.000000 8.99671470e-01
5640.000000 9.02251770e-01
5650.000000 9.04825019e-01
5660.000000 9.07391219e-01
5670.000000 9.09957418e-01
5680.000000 9.12488368e-01
5690.000000 9.15026367e-01
5700.000000 9.17550266e-01
5710.000000 9.20003666e-01
5720.000000 9.22457066e-01
5730.000000 9.24903415e-01
5740.000000 9.27349765e-01
5750.000000 9.29760864e-01
5760.000000 9.32200164e-01
5770.000000 9.34632413e-01
5780.000000 9.37029413e-01
5790.000000 9.39447562e-01
5800.000000 9.41837512e-01
5810.000000 9.44213361e-01
5820.000000 9.46553961e-01
5830.000000 9.48915710e-01
5840.000000 9.51242210e-01
5850.000000 9.53596909e-01
5860.000000 9.55916359e-01
5870.000000 9.58256958e-01
5880.000000 9.60597558e-01
5890.000000 9.62924057e-01
5900.000000 9.65250557e-01
5910.000000 9.67584106e-01
5920.000000 9.69938806e-01
5930.000000 9.72258256e-01
5940.000000 9.74598855e-01
5950.000000 9.76939455e-01
5960.000000 9.79265954e-01
5970.000000 9.81620654e-01
5980.000000 9.83940103e-01
5990.000000 9.86280703e-01
6000.000000 9.88621302e-01
6010.000000 9.88903302e-01
6020.000000 9.89213502e-01
6030.000000 9.89523702e-01
6040.000000 9.89826852e-01
6050.000000 9.90130002e-01
6060.000000 9.90454302e-01
6070.000000 9.90743352e-01
6080.000000 9.91067652e-01
6090.000000 9.91377852e-01
6100.000000 9.91695102e-01
6110.000000 9.92040552e-01
6120.000000 9.92386002e-01
6130.000000 9.92731451e-01
6140.000000 9.93069851e-01
6150.000000 9.93443501e-01
6160.000000 9.93774851e-01
6170.000000 9.94106201e-01
6180.000000 9.94437551e-01
6190.000000 9.94761851e-01
6200.000000 9.95086151e-01
6210.000000 9.95368151e-01
6220.000000 9.95614901e-01
6230.000000 9.95889851e-01
6240.000000 9.96129551e-01
6250.000000 9.96397451e-01
6260.000000 9.96637151e-01
6270.000000 9.96841601e-01
6280.000000 9.97074251e-01
6290.000000 9.97278701e-01
6300.000000 9.97476101e-01
6310.000000 9.97793350e-01
6320.000000 9.98089450e-01
6330.000000 9.98371450e-01
6340.000000 9.98660500e-01
6350.000000 9.98914300e-01
6360.000000 9.99161050e-01
6370.000000 9.99379600e-01
6380.000000 9.99598150e-01
6390.000000 9.99816700e-01
6400.000000 1.00000000e+00
6410.000000 9.99971800e-01
6420.000000 9.99943600e-01
6430.000000 9.99887200e-01
6440.000000 9.99823750e-01
6450.000000 9.99725050e-01
6460.000000 9.99633400e-01
6470.000000 9.99471250e-01
6480.000000 9.99316150e-01
6490.000000 9.99146950e-01
6500.000000 9.98928400e-01
6510.000000 9.96348101e-01
6520.000000 9.93739601e-01
6530.000000 9.91102902e-01
6540.000000 9.88445052e-01
6550.000000 9.85780153e-01
6560.000000 9.83094103e-01
6570.000000 9.80415104e-01
6580.000000 9.77672654e-01
6590.000000 9.74965455e-01
6600.000000 9.72237106e-01
6610.000000 9.69325456e-01
6620.000000 9.66385607e-01
6630.000000 9.63481007e-01
6640.000000 9.60527058e-01
6650.000000 9.57608358e-01
6660.000000 9.54633259e-01
6670.000000 9.51693410e-01
6680.000000 9.48725360e-01
6690.000000 9.45764361e-01
6700.000000 9.42782211e-01
6710.000000 9.39884662e-01
6720.000000 9.36987113e-01
6730.000000 9.34103663e-01
6740.000000 9.31192014e-01
6750.000000 9.28287414e-01
6760.000000 9.25382815e-01
6770.000000 9.22457066e-01
6780.000000 9.19566566e-01
6790.000000 9.16654917e-01
6800.000000 9.13750317e-01
6810.000000 9.10866868e-01
6820.000000 9.07983418e-01
6830.000000 9.05114069e-01
6840.000000 9.02251770e-01
6850.000000 8.99389470e-01
6860.000000 8.96534221e-01
6870.000000 8.93657821e-01
6880.000000 8.90816672e-01
6890.000000 8.87975522e-01
6900.000000 8.85141423e-01
6910.000000 8.82300274e-01
6920.000000 8.79487324e-01
6930.000000 8.76681425e-01
6940.000000 8.73910775e-01
6950.000000 8.71111926e-01
6960.000000 8.68327176e-01
6970.000000 8.65570627e-01
6980.000000 8.62821127e-01
6990.000000 8.60071628e-01
7000.000000 8.57336229e-01
7010.000000 8.53183779e-01
7020.000000 8.49017230e-01
7030.000000 8.44900031e-01
7040.000000 8.40818082e-01
7050.000000 8.36722033e-01
7060.000000 8.32675333e-01
7070.000000 8.28635684e-01
7080.000000 8.24617185e-01
7090.000000 8.20605736e-01
7100.000000 8.16636587e-01
7110.000000 8.12667437e-01
7120.000000 8.08712388e-01
7130.000000 8.04771439e-01
7140.000000 8.00865740e-01
7150.000000 7.96952991e-01
7160.000000 7.93082541e-01
7170.000000 7.89219142e-01
7180.000000 7.85398043e-01
7190.000000 7.81562844e-01
7200.000000 7.77769944e-01
7210.000000 7.74068695e-01
7220.000000 7.70381546e-01
7230.000000 7.66729647e-01
7240.000000 7.63070697e-01
7250.000000 7.59439948e-01
7260.000000 7.55830349e-01
7270.000000 7.52227800e-01
7280.000000 7.48660500e-01
7290.000000 7.45086151e-01
7300.000000 7.41540002e-01
7310.000000 7.38000902e-01
7320.000000 7.34490003e-01
7330.000000 7.30972054e-01
7340.000000 7.27482305e-01
7350.000000 7.24006655e-01
7360.000000 7.20545106e-01
7370.000000 7.17118807e-01
7380.000000 7.13685457e-01
7390.000000 7.10280308e-01
7400.000000 7.06889259e-01
7410.000000 7.03460844e-01
7420.000000 7.00026085e-01
7430.000000 6.96625166e-01
7440.000000 6.93258086e-01
7450.000000 6.89881137e-01
7460.000000 6.86538028e-01
7470.000000 6.83205493e-01
7480.000000 6.79885649e-01
7490.000000 6.76577790e-01
7500.000000 6.73302360e-01
7510.000000 6.70076986e-01
7520.000000 6.66860777e-01
7530.000000 6.63653027e-01
7540.000000 6.60455148e-01
7550.000000 6.57264319e-01
7560.000000 6.54083359e-01
7570.000000 6.50909450e-01
7580.000000 6.47745410e-01
7590.000000 6.44590536e-01
7600.000000 6.41444122e-01
7610.000000 6.38312512e-01
7620.000000 6.35189363e-01
7630.000000 6.32075379e-01
7640.000000 6.28970559e-01
7650.000000 6.25874200e-01
7660.000000 6.22787005e-01
7670.000000 6.19708976e-01
7680.000000 6.16638702e-01
7690.000000 6.13577592e-01
7700.000000 6.10525648e-01
7710.000000 6.07482869e-01
7720.000000 6.04448549e-01
7730.000000 6.01424100e-01
7740.000000 5.98406700e-01
7750.000000 5.95400581e-01
7760.000000 5.92402217e-01
7770.000000 5.89413722e-01
7780.000000 5.86434393e-01
7790.000000 5.83464228e-01
7800.000000 5.80503229e-01
7810.000000 5.77539409e-01
7820.000000 5.74584050e-01
7830.000000 5.71639266e-01
7840.000000 5.68703646e-01
7850.000000 5.65778602e-01
7860.000000 5.62862017e-01
7870.000000 5.59956008e-01
7880.000000 5.57059164e-01
7890.000000 5.54172894e-01
7900.000000 5.51295790e-01
7910.000000 5.48480725e-01
7920.000000 5.45675531e-01
7930.000000 5.42878796e-01
7940.000000 5.40092637e-01
7950.000000 5.37315643e-01
7960.000000 5.34549223e-01
7970.000000 5.31791969e-01
7980.000000 5.29043879e-01
7990.000000 5.26307070e-01
8000.000000 5.23579425e-01
8010.000000 5.19641296e-01
8020.000000 5.15717267e-01
8030.000000 5.11806633e-01
8040.000000 5.07910098e-01
8050.000000 5.04026959e-01
8060.000000 5.00157920e-01
8070.000000 4.96302276e-01
8080.000000 4.92460027e-01
8090.000000 4.88631877e-01
8100.000000 4.84817123e-01
8110.000000 4.81107414e-01
8120.000000 4.77409690e-01
8130.000000 4.73724655e-01
8140.000000 4.70051606e-01
8150.000000 4.66390542e-01
8160.000000 4.62742167e-01
8170.000000 4.59105073e-01
8180.000000 4.55480669e-01
8190.000000 4.51868955e-01
8200.000000 4.48268520e-01
8210.000000 4.44713206e-01
8220.000000 4.41169877e-01
8230.000000 4.37637827e-01
8240.000000 4.34117763e-01
8250.000000 4.30608979e-01
8260.000000 4.27111475e-01
8270.000000 4.23625955e-01
8280.000000 4.20151716e-01
8290.000000 4.16689462e-01
8300.000000 4.13238487e-01
8310.000000 4.09756493e-01
8320.000000 4.06285779e-01
8330.000000 4.02827754e-01
8340.000000 3.99382420e-01
8350.000000 3.95949071e-01
8360.000000 3.94532726e-01
8370.000000 3.93103691e-01
8380.000000 3.91662672e-01
8390.000000 3.90209667e-01
8400.000000 3.88744677e-01
8410.000000 3.87209893e-01
8420.000000 3.85663123e-01
8430.000000 3.84105073e-01
8440.000000 3.82534333e-01
8450.000000 3.80952314e-01
8460.000000 3.79357604e-01
8470.000000 3.77751614e-01
8480.000000 3.76133640e-01
8490.000000 3.74503680e-01
8500.000000 3.72861030e-01
8510.000000 3.71164096e-01
8520.000000 3.69453766e-01
8530.000000 3.67731451e-01
8540.000000 3.65996447e-01
8550.000000 3.64248752e-01
8560.000000 3.62488368e-01
8570.000000 3.60714588e-01
8580.000000 3.58928823e-01
8590.000000 3.57129664e-01
8600.000000 3.55317814e-01
8610.000000 3.53515834e-01
8620.000000 3.51701165e-01
8630.000000 3.49872395e-01
8640.000000 3.48030935e-01
8650.000000 3.46176081e-01
8660.000000 3.44244381e-01
8670.000000 3.42300697e-01
8680.000000 3.40344322e-01
8690.000000 3.38375962e-01
8700.000000 3.36394913e-01
8710.000000 3.34415273e-01
8720.000000 3.32423649e-01
8730.000000 3.30418629e-01
8740.000000 3.28401624e-01
8750.000000 3.26371225e-01
8760.000000 3.24328840e-01
8770.000000 3.22273766e-01
8780.000000 3.20205296e-01
8790.000000 3.18124841e-01
8800.000000 3.16030992e-01
8810.000000 3.13874397e-01
8820.000000 3.11706523e-01
8830.000000 3.09525958e-01
8840.000000 3.07332704e-01
8850.000000 3.05128169e-01
8860.000000 3.02910944e-01
8870.000000 3.00681030e-01
8880.000000 2.98439835e-01
8890.000000 2.96185246e-01
8900.000000 2.93918671e-01
8910.000000 2.91698627e-01
8920.000000 2.89465187e-01
8930.000000 2.87218353e-01
8940.000000 2.84958123e-01
8950.000000 2.82685203e-01
8960.000000 2.80348129e-01
8970.000000 2.77999069e-01
8980.000000 2.75637320e-01
8990.000000 2.73262880e-01
9000.000000 2.70876456e-01
9010.000000 2.68674741e-01
9020.000000 2.66462452e-01
9030.000000 2.64238882e-01
9040.000000 2.62004033e-01
9050.000000 2.59758608e-01
9060.000000 2.57501903e-01
9070.000000 2.55233919e-01
9080.000000 2.52955359e-01
9090.000000 2.50664815e-01
9100.000000 2.48364400e-01
9110.000000 2.46075266e-01
9120.000000 2.43774851e-01
9130.000000 2.41462452e-01
9140.000000 2.39139477e-01
9150.000000 2.36803813e-01
9160.000000 2.34456868e-01
9170.000000 2.32097939e-01
9180.000000 2.29727729e-01
9190.000000 2.27345535e-01
9200.000000 2.24952060e-01
9210.000000 2.22513465e-01
9220.000000 2.20063591e-01
9230.000000 2.17603141e-01
9240.000000 2.15131412e-01
9250.000000 2.12648402e-01
9260.000000 2.10121683e-01
9270.000000 2.07584388e-01
9280.000000 2.05036519e-01
9290.000000 2.02478780e-01
9300.000000 1.99910465e-01
9310.000000 1.97340741e-01
9320.000000 1.94759736e-01
9330.000000 1.92168157e-01
9340.000000 1.89566002e-01
9350.000000 1.86953978e-01
9360.000000 1.84330673e-01
9370.000000 1.81696794e-01
9380.000000 1.79052339e-01
9390.000000 1.76397310e-01
9400.000000 1.73731000e-01
9410.000000 1.71047066e-01
9420.000000 1.68353261e-01
9430.000000 1.65648177e-01
9440.000000 1.62933222e-01
9450.000000 1.60206988e-01
9460.000000 1.57470884e-01
9470.000000 1.54723499e-01
9480.000000 1.51966245e-01
9490.000000 1.49198415e-01
9500.000000 1.46420011e-01
9510.000000 1.44292321e-01
9520.000000 1.42170977e-01
9530.000000 1.40054567e-01
9540.000000 1.37943797e-01
9550.000000 1.35838668e-01
9560.000000 1.33739178e-01
9570.000000 1.31644624e-01
9580.000000 1.29556414e-01
9590.000000 1.27473140e-01
9600.000000 1.25396210e-01
9610.000000 1.23351710e-01
9620.000000 1.21312146e-01
9630.000000 1.19277516e-01
9640.000000 1.17247822e-01
9650.000000 1.15222357e-01
9660.000000 1.13202532e-01
9670.000000 1.11186938e-01
9680.000000 1.09176983e-01
9690.000000 1.07171964e-01
9700.000000 1.05171879e-01
9710.000000 1.03152759e-01
9720.000000 1.01139280e-01
9730.000000 9.91321452e-02
9740.000000 9.71313556e-02
9750.000000 9.51369110e-02
9760.000000 9.30994614e-02
9770.000000 9.10697668e-02
9780.000000 8.90478272e-02
9790.000000 8.70350526e-02
9800.000000 8.50293280e-02
9810.000000 8.30172584e-02
9820.000000 8.10136488e-02
9830.000000 7.90192042e-02
9840.000000 7.70339246e-02
9850.000000 7.50578100e-02
9860.000000 7.30901554e-02
9870.000000 7.11309608e-02
9880.000000 6.91817772e-02
9890.000000 6.72412651e-02
9900.000000 6.53097769e-02
9910.000000 6.33948563e-02
9920.000000 6.14886072e-02
9930.000000 5.95911001e-02
9940.000000 5.77023350e-02
9950.000000 5.58223118e-02
9960.000000 5.39511717e-02
9970.000000 5.20889146e-02
9980.000000 5.02354700e-02
9990.000000 4.83909788e-02
10000.000000 4.65554412e-02
10010.000000 4.55145794e-02
10020.000000 4.44825301e-02
10030.000000 4.34592228e-02
10040.000000 4.24446575e-02
10050.000000 4.14389047e-02
10060.000000 4.04418939e-02
10070.000000 3.94535546e-02
10080.000000 3.84740983e-02
10090.000000 3.75033840e-02
10100.000000 3.65414117e-02
10110.000000 3.55980514e-02
10120.000000 3.46628691e-02
10130.000000 3.37360058e-02
10140.000000 3.28173909e-02
10150.000000 3.19070951e-02
10160.000000 3.10051183e-02
10170.000000 3.01113900e-02
10180.000000 2.92259807e-02
10190.000000 2.83488903e-02
10200.000000 2.74801895e-02
10210.000000 2.66038042e-02
10220.000000 2.57367954e-02
10230.000000 2.48791630e-02
10240.000000 2.40308367e-02
10250.000000 2.31919574e-02
10260.000000 2.23624545e-02
10270.000000 2.15422577e-02
10280.000000 2.07314374e-02
10290.000000 1.99299230e-02
10300.000000 1.91377147e-02
10310.000000 1.83628493e-02
10320.000000 1.75965850e-02
10330.000000 1.68390626e-02
10340.000000 1.60901413e-02
10350.000000 1.53498914e-02
10360.000000 1.46183131e-02
10370.000000 1.38954062e-02
10380.000000 1.31812414e-02
10390.000000 1.24756775e-02
10400.000000 1.17788556e-02
10410.000000 1.10885198e-02
10420.000000 1.04071374e-02
10430.000000 9.73470855e-03
10440.000000 9.07130369e-03
10450.000000 8.41678182e-03
10460.000000 7.77135445e-03
10470.000000 7.13481007e-03
10480.000000 6.50727560e-03
10490.000000 5.88871577e-03
10500.000000 5.27912354e-03
10510.000000 5.15546657e-03
10520.000000 5.03310679e-03
10530.000000 4.91203717e-03
10540.000000 4.79226474e-03
10550.000000 4.67378247e-03
10560.000000 4.55659739e-03
10570.000000 4.44070246e-03
10580.000000 4.32610473e-03
10590.000000 4.21280421e-03
10600.000000 4.10080088e-03
10610.000000 3.98971405e-03
10620.000000 3.87994557e-03
10630.000000 3.77149545e-03
10640.000000 3.66435662e-03
10650.000000 3.55854319e-03
10660.000000 3.45404106e-03
10670.000000 3.35085728e-03
10680.000000 3.24899890e-03
10690.000000 3.14845182e-03
10700.000000 3.04922309e-03
10710.000000 2.95171456e-03
10720.000000 2.85550323e-03
10730.000000 2.76058205e-03
10740.000000 2.66695807e-03
10750.000000 2.57462424e-03
10760.000000 2.48358055e-03
10770.000000 2.39383407e-03
10780.000000 2.30537774e-03
10790.000000 2.21822566e-03
10800.000000 2.13236372e-03
10810.000000 2.04762274e-03
10820.000000 1.96420011e-03
10830.000000 1.88208172e-03
10840.000000 1.80128169e-03
10850.000000 1.72178591e-03
10860.000000 1.64360847e-03
10870.000000 1.56674234e-03
10880.000000 1.49118750e-03
10890.000000 1.41694397e-03
10900.000000 1.34401878e-03
10910.000000 1.27231325e-03
10920.000000 1.20192606e-03
10930.000000 1.13286427e-03
10940.000000 1.06512789e-03
10950.000000 9.98709850e-04
10960.000000 9.33624263e-04
10970.000000 8.69857026e-04
10980.000000 8.07415189e-04
10990.000000 7.46298751e-04
11000.000000 6.86501368e-04
11010.000000 6.74098305e-04
11020.000000 6.61784073e-04
11030.000000 6.49558670e-04
11040.000000 6.37422803e-04
11050.000000 6.25375060e-04
11060.000000 6.13417557e-04
11070.000000 6.01548180e-04
11080.000000 5.89767632e-04
11090.000000 5.78075914e-04
11100.000000 5.66473732e-04
11110.000000 5.54961084e-04
11120.000000 5.43536561e-04
11130.000000 5.32201574e-04
11140.000000 5.20955416e-04
11150.000000 5.09799498e-04
11160.000000 4.98731705e-04
11170.000000 4.87752742e-04
11180.000000 4.76864020e-04
11190.000000 4.66064127e-04
11200.000000 4.55353064e-04
11210.000000 4.44731536e-04
11220.000000 4.34199543e-04
11230.000000 4.23757085e-04
11240.000000 4.13403457e-04
11250.000000 4.03139364e-04
11260.000000 3.92964101e-04
11270.000000 3.82878373e-04
11280.000000 3.72882180e-04
11290.000000 3.62976227e-04
11300.000000 3.53158399e-04
11310.000000 3.43430811e-04
11320.000000 3.33792758e-04
11330.000000 3.24243535e-04
11340.000000 3.14784552e-04
11350.000000 3.05414399e-04
11360.000000 2.96134486e-04
11370.000000 2.86943403e-04
11380.000000 2.77842559e-04
11390.000000 2.68831251e-04
11400.000000 2.59908773e-04
11410.000000 2.51077240e-04
11420.000000 2.42334537e-04
11430.000000 2.33681368e-04
11440.000000 2.25118440e-04
11450.000000 2.16644342e-04
11460.000000 2.08261188e-04
