4650.000000 5.15658087e-04
4660.000000 1.73561909e-03
4670.000000 5.01743670e-03
4680.000000 1.07567318e-02
4690.000000 2.38336280e-02
4700.000000 3.71291294e-02
4710.000000 5.06451929e-02
4720.000000 6.43794422e-02
4722.000000 7.00717735e-02
4724.000000 7.56822677e-02
4726.000000 8.10607384e-02
4728.000000 8.63560441e-02
4730.000000 9.15681848e-02
4732.000000 9.66454444e-02
4734.000000 1.01739477e-01
4736.000000 1.06697230e-01
4738.000000 1.11620740e-01
4740.000000 1.16559624e-01
4742.000000 1.21564900e-01
4744.000000 1.26535233e-01
4746.000000 1.31571959e-01
4748.000000 1.36828128e-01
4750.000000 1.42152087e-01
4752.000000 1.47644473e-01
4754.000000 1.53307382e-01
4756.000000 1.59192531e-01
4758.000000 1.65198583e-01
4760.000000 1.71428971e-01
4762.000000 1.77936809e-01
4764.000000 1.84620062e-01
4766.000000 1.91529747e-01
4768.000000 1.98667962e-01
4770.000000 2.06035405e-01
4772.000000 2.13528643e-01
4774.000000 2.21305621e-01
4776.000000 2.29209793e-01
4778.000000 2.37294271e-01
4780.000000 2.45612870e-01
4782.000000 2.54111078e-01
4784.000000 2.62793087e-01
4786.000000 2.71552670e-01
4788.000000 2.80391924e-01
4790.000000 2.89203922e-01
4792.000000 2.97939045e-01
4794.000000 3.06700026e-01
4796.000000 3.15380637e-01
4798.000000 3.23928464e-01
4800.000000 3.32235182e-01
4802.000000 3.40247678e-01
4804.000000 3.48123895e-01
4806.000000 3.55649980e-01
4808.000000 3.62930065e-01
4810.000000 3.69803409e-01
4812.000000 3.76318236e-01
4814.000000 3.82422828e-01
4816.000000 3.88060578e-01
4818.000000 3.93337014e-01
4820.000000 3.98196926e-01
4822.000000 4.02639616e-01
4824.000000 4.06662287e-01
4826.000000 4.10315957e-01
4828.000000 4.13490904e-01
4830.000000 4.16293356e-01
4832.000000 4.18721914e-01
4834.000000 4.20883506e-01
4836.000000 4.22722222e-01
4838.000000 4.24236664e-01
4840.000000 4.25479946e-01
4842.000000 4.26506580e-01
4844.000000 4.27368980e-01
4846.000000 4.28067846e-01
4848.000000 4.28601080e-01
4850.000000 4.29024593e-01
4852.000000 4.29333492e-01
4854.000000 4.29531271e-01
4856.000000 4.29672442e-01
4858.000000 4.29701095e-01
4860.000000 4.29782862e-01
4862.000000 4.29866726e-01
4864.000000 4.30004403e-01
4866.000000 4.30196591e-01
4868.000000 4.30443291e-01
4870.000000 4.30744502e-01
4872.000000 4.31045014e-01
4874.000000 4.31400737e-01
4876.000000 4.31811670e-01
4878.000000 4.32335120e-01
4880.000000 4.32970389e-01
4882.000000 4.33662266e-01
4884.000000 4.34411450e-01
4886.000000 4.35217242e-01
4888.000000 4.36137649e-01
4890.000000 4.37285186e-01
4892.000000 4.38491428e-01
4894.000000 4.39813682e-01
4896.000000 4.41194641e-01
4898.000000 4.42749617e-01
4900.000000 4.44421304e-01
4902.000000 4.46098582e-01
4904.000000 4.47779354e-01
4906.000000 4.49577536e-01
4908.000000 4.51437217e-01
4910.000000 4.53415706e-01
4912.000000 4.55394894e-01
4914.000000 4.57435582e-01
4916.000000 4.59481162e-01
4918.000000 4.61588242e-01
4920.000000 4.63699516e-01
4922.000000 4.65872988e-01
4924.000000 4.68225370e-01
4926.000000 4.70466633e-01
4928.000000 4.72770094e-01
4930.000000 4.75195857e-01
4932.000000 4.77450398e-01
4934.000000 4.79709831e-01
4936.000000 4.82032162e-01
4938.000000 4.84300680e-01
4940.000000 4.86573391e-01
4942.000000 4.88736381e-01
4944.000000 4.90784756e-01
4946.000000 4.92837325e-01
4948.000000 4.94834683e-01
4950.000000 4.96895638e-01
4952.000000 4.98899985e-01
4954.000000 5.00670911e-01
4956.000000 5.02444632e-01
4958.000000 5.04221848e-01
4960.000000 5.05941757e-01
4962.000000 5.07602262e-01
4964.000000 5.09205460e-01
4966.000000 5.10750652e-01
4968.000000 5.12119031e-01
4970.000000 5.13428705e-01
4972.000000 5.14743272e-01
4974.000000 5.15999133e-01
4976.000000 5.17196290e-01
4978.000000 5.18273941e-01
4980.000000 5.19292189e-01
4982.000000 5.20251033e-01
4984.000000 5.21209876e-01
4986.000000 5.22048515e-01
4988.000000 5.22826353e-01
4990.000000 5.23543389e-01
4992.000000 5.24260425e-01
4994.000000 5.24977462e-01
4996.000000 5.25633697e-01
4998.000000 5.26289931e-01
5000.000000 5.26945468e-01
5002.000000 5.27749163e-01
5004.000000 5.28552160e-01
5006.000000 5.29355157e-01
5008.000000 5.30219654e-01
5010.000000 5.31022650e-01
5012.000000 5.31887846e-01
5014.000000 5.32752343e-01
5016.000000 5.33679738e-01
5018.000000 5.34607133e-01
5020.000000 5.35534527e-01
5022.000000 5.36465417e-01
5024.000000 5.37397005e-01
5026.000000 5.38454389e-01
5028.000000 5.39512471e-01
5030.000000 5.40570554e-01
5032.000000 5.41626540e-01
5034.000000 5.42746822e-01
5036.000000 5.43930700e-01
5038.000000 5.45305369e-01
5040.000000 5.46808630e-01
5042.000000 5.48381078e-01
5044.000000 5.49954923e-01
5046.000000 5.51595860e-01
5048.000000 5.53174598e-01
5050.000000 5.54820426e-01
5052.000000 5.56528454e-01
5054.000000 5.58367869e-01
5056.000000 5.60210778e-01
5058.000000 5.62185074e-01
5060.000000 5.64162864e-01
5062.000000 5.66211938e-01
5064.000000 5.68329501e-01
5066.000000 5.70515553e-01
5068.000000 5.72641503e-01
5070.000000 5.74900936e-01
5072.000000 5.77229556e-01
5074.000000 5.79497376e-01
5076.000000 5.81965770e-01
5078.000000 5.84438357e-01
5080.000000 5.86850841e-01
5082.000000 5.89264723e-01
5084.000000 5.91683498e-01
5086.000000 5.94172159e-01
5088.000000 5.96665712e-01
5090.000000 5.99164855e-01
5092.000000 6.01738079e-01
5094.000000 6.04316894e-01
5096.000000 6.06834208e-01
5098.000000 6.09357113e-01
5100.000000 6.11884212e-01
5102.000000 6.14350509e-01
5104.000000 6.16821000e-01
5106.000000 6.19229291e-01
5108.000000 6.21576082e-01
5110.000000 6.23926368e-01
5112.000000 6.26080272e-01
5114.000000 6.28238369e-01
5116.000000 6.30332870e-01
5118.000000 6.32228893e-01
5120.000000 6.34059921e-01
5122.000000 6.35894443e-01
5124.000000 6.37595483e-01
5126.000000 6.39299317e-01
5128.000000 6.40937459e-01
5130.000000 6.42577696e-01
5132.000000 6.43944678e-01
5134.000000 6.45176079e-01
5136.000000 6.46339691e-01
5138.000000 6.47368421e-01
5140.000000 6.48259475e-01
5142.000000 6.49086233e-01
5144.000000 6.49775315e-01
5146.000000 6.50394510e-01
5148.000000 6.50944517e-01
5150.000000 6.51423939e-01
5152.000000 6.51764287e-01
5154.000000 6.51894974e-01
5156.000000 6.51954378e-01
5158.000000 6.51872611e-01
5160.000000 6.51579087e-01
5162.000000 6.51421143e-01
5164.000000 6.51190518e-01
5166.000000 6.50816625e-01
5168.000000 6.50299464e-01
5170.000000 6.49638337e-01
5172.000000 6.48831846e-01
5174.000000 6.48091048e-01
5176.000000 6.47134301e-01
5178.000000 6.46172662e-01
5180.000000 6.44993675e-01
5182.000000 6.43804905e-01
5184.000000 6.42539259e-01
5186.000000 6.41337909e-01
5188.000000 6.40201553e-01
5190.000000 6.39130891e-01
5192.000000 6.37915563e-01
5194.000000 6.36765929e-01
5196.000000 6.35681289e-01
5198.000000 6.34520473e-01
5200.000000 6.33281384e-01
5202.000000 6.32033210e-01
5204.000000 6.30706763e-01
5206.000000 6.29517992e-01
5208.000000 6.28179664e-01
5210.000000 6.26763064e-01
5212.000000 6.25343667e-01
5214.000000 6.23917981e-01
5216.000000 6.22629972e-01
5218.000000 6.21481036e-01
5220.000000 6.20399192e-01
5222.000000 6.19453627e-01
5224.000000 6.18647835e-01
5226.000000 6.17838548e-01
5228.000000 6.17097051e-01
5230.000000 6.16496726e-01
5232.000000 6.15966287e-01
5234.000000 6.15505035e-01
5236.000000 6.15112972e-01
5238.000000 6.14718113e-01
5240.000000 6.14467220e-01
5242.000000 6.14286912e-01
5244.000000 6.14103111e-01
5246.000000 6.13917212e-01
5248.000000 6.13875979e-01
5250.000000 6.13832650e-01
5252.000000 6.13864797e-01
5254.000000 6.13894849e-01
5256.000000 6.13996883e-01
5258.000000 6.14320458e-01
5260.000000 6.14642635e-01
5262.000000 6.15180063e-01
5264.000000 6.15866349e-01
5266.000000 6.16851750e-01
5268.000000 6.17912628e-01
5270.000000 6.19124461e-01
5272.000000 6.20490744e-01
5274.000000 6.21859123e-01
5276.000000 6.23455332e-01
5278.000000 6.25129115e-01
5280.000000 6.26881172e-01
5282.000000 6.28635325e-01
5284.000000 6.30391574e-01
5286.000000 6.32075142e-01
5288.000000 6.33836284e-01
5290.000000 6.35753272e-01
5292.000000 6.37744341e-01
5294.000000 6.39738904e-01
5296.000000 6.41813137e-01
5298.000000 6.43967041e-01
5300.000000 6.46278190e-01
5302.000000 6.48745885e-01
5304.000000 6.51372223e-01
5306.000000 6.54079629e-01
5308.000000 6.56946376e-01
5310.000000 6.59895589e-01
5312.000000 6.62931462e-01
5314.000000 6.66050500e-01
5316.000000 6.69330277e-01
5318.000000 6.72617043e-01
5320.000000 6.75986973e-01
5322.000000 6.79277932e-01
5324.000000 6.82575180e-01
5326.000000 6.85801145e-01
5328.000000 6.88955126e-01
5330.000000 6.92114698e-01
5332.000000 6.95284054e-01
5334.000000 6.98616945e-01
5336.000000 7.02031603e-01
5338.000000 7.05456045e-01
5340.000000 7.08733725e-01
5342.000000 7.12165156e-01
5344.000000 7.15533689e-01
5346.000000 7.18902222e-01
5348.000000 7.22200868e-01
5350.000000 7.25583378e-01
5352.000000 7.29049752e-01
5354.000000 7.32523115e-01
5356.000000 7.35842727e-01
5358.000000 7.39246203e-01
5360.000000 7.42656668e-01
5362.000000 7.45829519e-01
5364.000000 7.48778732e-01
5366.000000 7.51804821e-01
5368.000000 7.54921762e-01
5370.000000 7.57801089e-01
5372.000000 7.60596552e-01
5374.000000 7.63322128e-01
5376.000000 7.65810090e-01
5378.000000 7.68305041e-01
5380.000000 7.70632264e-01
5382.000000 7.72980453e-01
5384.000000 7.75244778e-01
5386.000000 7.77425239e-01
5388.000000 7.79458938e-01
5390.000000 7.81401785e-01
5392.000000 7.83267756e-01
5394.000000 7.84972989e-01
5396.000000 7.86678221e-01
5398.000000 7.88229703e-01
5400.000000 7.89690333e-01
5402.000000 7.91074087e-01
5404.000000 7.92297102e-01
5406.000000 7.93520117e-01
5408.000000 7.94582393e-01
5410.000000 7.95560805e-01
5412.000000 7.96287625e-01
5414.000000 7.97098309e-01
5416.000000 7.97748255e-01
5418.000000 7.98314336e-01
5420.000000 7.98873428e-01
5422.000000 7.99516385e-01
5424.000000 8.00068489e-01
5426.000000 8.00543718e-01
5428.000000 8.00844230e-01
5430.000000 8.01312470e-01
5432.000000 8.01452243e-01
5434.000000 8.01585028e-01
5436.000000 8.01626959e-01
5438.000000 8.01508152e-01
5440.000000 8.01466220e-01
5442.000000 8.01508152e-01
5444.000000 8.01382356e-01
5446.000000 8.01333436e-01
5448.000000 8.01193663e-01
5450.000000 8.01060878e-01
5452.000000 8.00914116e-01
5454.000000 8.00683491e-01
5456.000000 8.00362012e-01
5458.000000 8.00124398e-01
5460.000000 8.00054512e-01
5462.000000 8.00068489e-01
5464.000000 8.00075478e-01
5466.000000 8.00089455e-01
5468.000000 8.00005591e-01
5470.000000 7.99921727e-01
5472.000000 7.99921727e-01
5474.000000 7.99998602e-01
5476.000000 8.00250194e-01
5478.000000 8.00494797e-01
5480.000000 8.00823264e-01
5482.000000 8.01151731e-01
5484.000000 8.01312470e-01
5486.000000 8.01633948e-01
5488.000000 8.02130143e-01
5490.000000 8.02626337e-01
5492.000000 8.03122532e-01
5494.000000 8.03702591e-01
5496.000000 8.04282649e-01
5498.000000 8.04862708e-01
5500.000000 8.05526630e-01
5502.000000 8.06211519e-01
5504.000000 8.07071124e-01
5506.000000 8.07930728e-01
5508.000000 8.09048914e-01
5510.000000 8.10167099e-01
5512.000000 8.11285284e-01
5514.000000 8.12319605e-01
5516.000000 8.13612507e-01
5518.000000 8.14996261e-01
5520.000000 8.16470868e-01
5522.000000 8.17945474e-01
5524.000000 8.19503945e-01
5526.000000 8.21160257e-01
5528.000000 8.22809580e-01
5530.000000 8.24465892e-01
5532.000000 8.26206068e-01
5534.000000 8.28037096e-01
5536.000000 8.29868124e-01
5538.000000 8.31790005e-01
5540.000000 8.33537169e-01
5542.000000 8.35368197e-01
5544.000000 8.37290078e-01
5546.000000 8.39302812e-01
5548.000000 8.41140828e-01
5550.000000 8.43153562e-01
5552.000000 8.45354989e-01
5554.000000 8.47654257e-01
5556.000000 8.49862673e-01
5558.000000 8.52071089e-01
5560.000000 8.54370357e-01
5562.000000 8.56585761e-01
5564.000000 8.58703325e-01
5566.000000 8.60834865e-01
5568.000000 8.63141122e-01
5570.000000 8.65538231e-01
5572.000000 8.67851477e-01
5574.000000 8.69899154e-01
5576.000000 8.71946830e-01
5578.000000 8.73903654e-01
5580.000000 8.76049172e-01
5582.000000 8.78005996e-01
5584.000000 8.79969809e-01
5586.000000 8.81661064e-01
5588.000000 8.83443172e-01
5590.000000 8.85225279e-01
5592.000000 8.87014376e-01
5594.000000 8.88705631e-01
5596.000000 8.90313022e-01
5598.000000 8.91927402e-01
5600.000000 8.93353088e-01
5602.000000 8.94310534e-01
5604.000000 8.95274969e-01
5606.000000 8.96148551e-01
5608.000000 8.96931281e-01
5610.000000 8.97623158e-01
5612.000000 8.98217193e-01
5614.000000 8.98727365e-01
5616.000000 8.99139696e-01
5618.000000 8.99279469e-01
5620.000000 8.99419243e-01
5622.000000 8.99552027e-01
5624.000000 8.99593959e-01
5626.000000 8.99447197e-01
5628.000000 8.99216572e-01
5630.000000 8.98978957e-01
5632.000000 8.98552649e-01
5634.000000 8.98035488e-01
5636.000000 8.97518328e-01
5638.000000 8.96910315e-01
5640.000000 8.96204460e-01
5642.000000 8.95407753e-01
5644.000000 8.94422353e-01
5646.000000 8.93346099e-01
5648.000000 8.92172005e-01
5650.000000 8.90997910e-01
5652.000000 8.89816827e-01
5654.000000 8.88544892e-01
5656.000000 8.87084262e-01
5658.000000 8.85721474e-01
5660.000000 8.84253856e-01
5662.000000 8.82695385e-01
5664.000000 8.81039074e-01
5666.000000 8.79480603e-01
5668.000000 8.77817303e-01
5670.000000 8.76160991e-01
5672.000000 8.74302008e-01
5674.000000 8.72631719e-01
5676.000000 8.70863588e-01
5678.000000 8.68815912e-01
5680.000000 8.66852099e-01
5682.000000 8.64888286e-01
5684.000000 8.62833621e-01
5686.000000 8.60771967e-01
5688.000000 8.58710313e-01
5690.000000 8.56732523e-01
5692.000000 8.54852574e-01
5694.000000 8.53433877e-01
5696.000000 8.52860807e-01
5698.000000 8.52937682e-01
5700.000000 8.50484663e-01
5702.000000 8.49345512e-01
5704.000000 8.47542439e-01
5706.000000 8.45830218e-01
5708.000000 8.44306690e-01
5710.000000 8.42874015e-01
5712.000000 8.41434352e-01
5714.000000 8.40092530e-01
5716.000000 8.38841560e-01
5718.000000 8.37492749e-01
5720.000000 8.36143938e-01
5722.000000 8.34697286e-01
5724.000000 8.33250634e-01
5726.000000 8.31985687e-01
5728.000000 8.30818581e-01
5730.000000 8.29644487e-01
5732.000000 8.28568234e-01
5734.000000 8.27491981e-01
5736.000000 8.26499591e-01
5738.000000 8.25605043e-01
5740.000000 8.24808336e-01
5742.000000 8.24095493e-01
5744.000000 8.23284809e-01
5746.000000 8.22760659e-01
5748.000000 8.22425204e-01
5750.000000 8.22278442e-01
5752.000000 8.22229521e-01
5754.000000 8.22180601e-01
5756.000000 8.22229521e-01
5758.000000 8.22369295e-01
5760.000000 8.22697762e-01
5762.000000 8.23033217e-01
5764.000000 8.23459525e-01
5766.000000 8.23976686e-01
5768.000000 8.24591688e-01
5770.000000 8.25115837e-01
5772.000000 8.25632998e-01
5774.000000 8.26241011e-01
5776.000000 8.26856013e-01
5778.000000 8.27561867e-01
5780.000000 8.28365563e-01
5782.000000 8.29267099e-01
5784.000000 8.30364319e-01
5786.000000 8.31363697e-01
5788.000000 8.32558757e-01
5790.000000 8.33753818e-01
5792.000000 8.35039731e-01
5794.000000 8.36514337e-01
5796.000000 8.38093774e-01
5798.000000 8.39764063e-01
5800.000000 8.41434352e-01
5802.000000 8.43307312e-01
5804.000000 8.45278114e-01
5806.000000 8.47346756e-01
5808.000000 8.49415399e-01
5810.000000 8.51679724e-01
5812.000000 8.53944049e-01
5814.000000 8.56201385e-01
5816.000000 8.58563551e-01
5818.000000 8.60827876e-01
5820.000000 8.63190043e-01
5822.000000 8.65370504e-01
5824.000000 8.67550965e-01
5826.000000 8.69731426e-01
5828.000000 8.72009728e-01
5830.000000 8.74483713e-01
5832.000000 8.76859856e-01
5834.000000 8.79326853e-01
5836.000000 8.81898678e-01
5838.000000 8.84477493e-01
5840.000000 8.87049319e-01
5842.000000 8.89928646e-01
5844.000000 8.92605302e-01
5846.000000 8.95198093e-01
5848.000000 8.97686056e-01
5850.000000 9.00376689e-01
5852.000000 9.02962492e-01
5854.000000 9.05646136e-01
5856.000000 9.08141087e-01
5858.000000 9.10831720e-01
5860.000000 9.13424512e-01
5862.000000 9.16031281e-01
5864.000000 9.18540209e-01
5866.000000 9.20846466e-01
5868.000000 9.23068859e-01
5870.000000 9.25284264e-01
5872.000000 9.27702339e-01
5874.000000 9.30120415e-01
5876.000000 9.32440649e-01
5878.000000 9.34565201e-01
5880.000000 9.36689753e-01
5882.000000 9.38821293e-01
5884.000000 9.41148516e-01
5886.000000 9.43182215e-01
5888.000000 9.45118073e-01
5890.000000 9.47053931e-01
5892.000000 9.48898937e-01
5894.000000 9.50736954e-01
5896.000000 9.52581959e-01
5898.000000 9.54329124e-01
5900.000000 9.55873617e-01
5902.000000 9.57327258e-01
5904.000000 9.58780899e-01
5906.000000 9.60234539e-01
5908.000000 9.61583350e-01
5910.000000 9.62841309e-01
5912.000000 9.64008414e-01
5914.000000 9.64972849e-01
5916.000000 9.65937284e-01
5918.000000 9.66706036e-01
5920.000000 9.67474788e-01
5922.000000 9.68334393e-01
5924.000000 9.68998316e-01
5926.000000 9.69466556e-01
5928.000000 9.69927807e-01
5930.000000 9.70396047e-01
5932.000000 9.70864287e-01
5934.000000 9.71039004e-01
5936.000000 9.71304573e-01
5938.000000 9.71674972e-01
5940.000000 9.71947529e-01
5942.000000 9.72115257e-01
5944.000000 9.72185144e-01
5946.000000 9.72052359e-01
5948.000000 9.71926563e-01
5950.000000 9.71793779e-01
5952.000000 9.71654006e-01
5954.000000 9.71423380e-01
5956.000000 9.71290595e-01
5958.000000 9.70955140e-01
5960.000000 9.70612696e-01
5962.000000 9.70186387e-01
5964.000000 9.69850932e-01
5966.000000 9.69613318e-01
5968.000000 9.69284851e-01
5970.000000 9.68746724e-01
5972.000000 9.68299450e-01
5974.000000 9.67656494e-01
5976.000000 9.67111378e-01
5978.000000 9.66559274e-01
5980.000000 9.66014159e-01
5982.000000 9.65371203e-01
5984.000000 9.64826087e-01
5986.000000 9.64280972e-01
5988.000000 9.63728868e-01
5990.000000 9.63183753e-01
5992.000000 9.62533808e-01
5994.000000 9.61981704e-01
5996.000000 9.61429600e-01
5998.000000 9.60975337e-01
6000.000000 9.60618916e-01
6002.000000 9.59975959e-01
6004.000000 9.59333003e-01
6006.000000 9.58787887e-01
6008.000000 9.58047090e-01
6010.000000 9.57299303e-01
6012.000000 9.56866006e-01
6014.000000 9.56223050e-01
6016.000000 9.55587082e-01
6018.000000 9.54846284e-01
6020.000000 9.54203328e-01
6022.000000 9.53763043e-01
6024.000000 9.53127075e-01
6026.000000 9.52379288e-01
6028.000000 9.51743321e-01
6030.000000 9.51303035e-01
6032.000000 9.50862750e-01
6034.000000 9.50324623e-01
6036.000000 9.49982179e-01
6038.000000 9.49849394e-01
6040.000000 9.49409109e-01
6042.000000 9.49171495e-01
6044.000000 9.49234393e-01
6046.000000 9.49304279e-01
6048.000000 9.49465018e-01
6050.000000 9.49430075e-01
6052.000000 9.49702633e-01
6054.000000 9.49877349e-01
6056.000000 9.50247748e-01
6058.000000 9.50527294e-01
6060.000000 9.51100364e-01
6062.000000 9.51771275e-01
6064.000000 9.52344345e-01
6066.000000 9.52812585e-01
6068.000000 9.53280825e-01
6070.000000 9.53651224e-01
6072.000000 9.54126453e-01
6074.000000 9.54601681e-01
6076.000000 9.55174751e-01
6078.000000 9.55852651e-01
6080.000000 9.56530551e-01
6082.000000 9.57313281e-01
6084.000000 9.57984192e-01
6086.000000 9.58361579e-01
6088.000000 9.58836808e-01
6090.000000 9.59612549e-01
6092.000000 9.60493120e-01
6094.000000 9.61373691e-01
6096.000000 9.62352103e-01
6098.000000 9.63638016e-01
6100.000000 9.64721257e-01
6102.000000 9.65601828e-01
6104.000000 9.66482399e-01
6106.000000 9.67565641e-01
6108.000000 9.68648883e-01
6110.000000 9.69829966e-01
6112.000000 9.71018038e-01
6114.000000 9.72199121e-01
6116.000000 9.73380204e-01
6118.000000 9.74568276e-01
6120.000000 9.75854189e-01
6122.000000 9.76937431e-01
6124.000000 9.78020672e-01
6126.000000 9.78999084e-01
6128.000000 9.80082326e-01
6130.000000 9.81067727e-01
6132.000000 9.82150969e-01
6134.000000 9.83129381e-01
6136.000000 9.84107793e-01
6138.000000 9.85295865e-01
6140.000000 9.86274277e-01
6142.000000 9.87364507e-01
6144.000000 9.88252067e-01
6146.000000 9.89139626e-01
6148.000000 9.90229857e-01
6150.000000 9.91012587e-01
6152.000000 9.91690486e-01
6154.000000 9.92466227e-01
6156.000000 9.93444639e-01
6158.000000 9.94430040e-01
6160.000000 9.95205781e-01
6162.000000 9.95883681e-01
6164.000000 9.96456751e-01
6166.000000 9.97029821e-01
6168.000000 9.97505049e-01
6170.000000 9.97875448e-01
6172.000000 9.98350677e-01
6174.000000 9.98825906e-01
6176.000000 9.99196304e-01
6178.000000 9.99461873e-01
6180.000000 9.99629601e-01
6182.000000 9.99797329e-01
6184.000000 9.99867216e-01
6186.000000 9.99930113e-01
6188.000000 1.00000000e+00
6190.000000 9.99958068e-01
6192.000000 9.99825284e-01
6194.000000 9.99783352e-01
6196.000000 9.99643578e-01
6198.000000 9.99405964e-01
6200.000000 9.99063520e-01
6202.000000 9.98825906e-01
6204.000000 9.98686132e-01
6206.000000 9.98343688e-01
6208.000000 9.97798573e-01
6210.000000 9.97456129e-01
6212.000000 9.97106696e-01
6214.000000 9.96547603e-01
6216.000000 9.95897658e-01
6218.000000 9.95135894e-01
6220.000000 9.94485949e-01
6222.000000 9.93731174e-01
6224.000000 9.92878558e-01
6226.000000 9.91921112e-01
6228.000000 9.91068496e-01
6230.000000 9.90215880e-01
6232.000000 9.89461105e-01
6234.000000 9.88594511e-01
6236.000000 9.87637065e-01
6238.000000 9.86567800e-01
6240.000000 9.85505525e-01
6242.000000 9.84443249e-01
6244.000000 9.83387961e-01
6246.000000 9.82227844e-01
6248.000000 9.81165568e-01
6250.000000 9.80005451e-01
6252.000000 9.78733516e-01
6254.000000 9.77461580e-01
6256.000000 9.76196633e-01
6258.000000 9.74924697e-01
6260.000000 9.73652762e-01
6262.000000 9.72576508e-01
6264.000000 9.71304573e-01
6266.000000 9.70228319e-01
6268.000000 9.69152066e-01
6270.000000 9.67873142e-01
6272.000000 9.66398535e-01
6274.000000 9.65021770e-01
6276.000000 9.63749834e-01
6278.000000 9.62477898e-01
6280.000000 9.61310793e-01
6282.000000 9.60129709e-01
6284.000000 9.59053456e-01
6286.000000 9.58082033e-01
6288.000000 9.56907938e-01
6290.000000 9.55726855e-01
6292.000000 9.54545772e-01
6294.000000 9.53371678e-01
6296.000000 9.52190595e-01
6298.000000 9.51114341e-01
6300.000000 9.50038088e-01
6302.000000 9.48961835e-01
6304.000000 9.47983423e-01
6306.000000 9.47109841e-01
6308.000000 9.46138417e-01
6310.000000 9.45160005e-01
6312.000000 9.44181593e-01
6314.000000 9.43196193e-01
6316.000000 9.42420452e-01
6318.000000 9.41637722e-01
6320.000000 9.40861981e-01
6322.000000 9.40184081e-01
6324.000000 9.39715841e-01
6326.000000 9.39240612e-01
6328.000000 9.38772372e-01
6330.000000 9.38192314e-01
6332.000000 9.37724074e-01
6334.000000 9.37248845e-01
6336.000000 9.37081117e-01
6338.000000 9.36815548e-01
6340.000000 9.36647821e-01
6342.000000 9.36473104e-01
6344.000000 9.36305376e-01
6346.000000 9.36130660e-01
6348.000000 9.36060773e-01
6350.000000 9.35990887e-01
6352.000000 9.36018841e-01
6354.000000 9.35948955e-01
6356.000000 9.35983898e-01
6358.000000 9.35914012e-01
6360.000000 9.35844125e-01
6362.000000 9.35969921e-01
6364.000000 9.36095717e-01
6366.000000 9.36424184e-01
6368.000000 9.36759639e-01
6370.000000 9.36990265e-01
6372.000000 9.37318732e-01
6374.000000 9.37654187e-01
6376.000000 9.38087484e-01
6378.000000 9.38723452e-01
6380.000000 9.39261578e-01
6382.000000 9.39799705e-01
6384.000000 9.40435673e-01
6386.000000 9.41176471e-01
6388.000000 9.41812438e-01
6390.000000 9.42448406e-01
6392.000000 9.43189204e-01
6394.000000 9.43923013e-01
6396.000000 9.44754663e-01
6398.000000 9.45488472e-01
6400.000000 9.46431941e-01
6402.000000 9.47564103e-01
6404.000000 9.48605413e-01
6406.000000 9.49430075e-01
6408.000000 9.50471385e-01
6410.000000 9.51505706e-01
6412.000000 9.52337356e-01
6414.000000 9.53266848e-01
6416.000000 9.54098498e-01
6418.000000 9.55027990e-01
6420.000000 9.56062311e-01
6422.000000 9.56991802e-01
6424.000000 9.57921294e-01
6426.000000 9.58745955e-01
6428.000000 9.59570617e-01
6430.000000 9.60395278e-01
6432.000000 9.61317781e-01
6434.000000 9.62345114e-01
6436.000000 9.63372447e-01
6438.000000 9.64504609e-01
6440.000000 9.65636772e-01
6442.000000 9.66761945e-01
6444.000000 9.67782289e-01
6446.000000 9.68704792e-01
6448.000000 9.69829966e-01
6450.000000 9.70745480e-01
6452.000000 9.71667983e-01
6454.000000 9.72688327e-01
6456.000000 9.73813501e-01
6458.000000 9.74840833e-01
6460.000000 9.75658506e-01
6462.000000 9.76560043e-01
6464.000000 9.77573398e-01
6466.000000 9.78586754e-01
6468.000000 9.79285619e-01
6470.000000 9.79886644e-01
6472.000000 9.80592498e-01
6474.000000 9.81396194e-01
6476.000000 9.82199890e-01
6478.000000 9.83003585e-01
6480.000000 9.83604610e-01
6482.000000 9.84205634e-01
6484.000000 9.84603988e-01
6486.000000 9.84897511e-01
6488.000000 9.85191035e-01
6490.000000 9.85379729e-01
6492.000000 9.85764105e-01
6494.000000 9.86148481e-01
6496.000000 9.86428027e-01
6498.000000 9.86707574e-01
6500.000000 9.86987120e-01
6502.000000 9.86882290e-01
6504.000000 9.86567800e-01
6506.000000 9.86148481e-01
6508.000000 9.85631320e-01
6510.000000 9.85218990e-01
6512.000000 9.84792681e-01
6514.000000 9.84268532e-01
6516.000000 9.83436882e-01
6518.000000 9.82409549e-01
6520.000000 9.81067727e-01
6522.000000 9.79222722e-01
6524.000000 9.77272886e-01
6526.000000 9.75630552e-01
6528.000000 9.74694072e-01
6530.000000 9.74470434e-01
6532.000000 9.74652140e-01
6534.000000 9.75029527e-01
6536.000000 9.75204244e-01
6538.000000 9.74973618e-01
6540.000000 9.74037138e-01
6542.000000 9.72897987e-01
6544.000000 9.71556164e-01
6546.000000 9.70319172e-01
6548.000000 9.69284851e-01
6550.000000 9.68152688e-01
6552.000000 9.66908707e-01
6554.000000 9.65664726e-01
6556.000000 9.64329893e-01
6558.000000 9.63190741e-01
6560.000000 9.62051590e-01
6562.000000 9.60716757e-01
6564.000000 9.59479764e-01
6566.000000 9.58144931e-01
6568.000000 9.56810097e-01
6570.000000 9.55377422e-01
6572.000000 9.53930770e-01
6574.000000 9.52484118e-01
6576.000000 9.51142296e-01
6578.000000 9.49702633e-01
6580.000000 9.48165128e-01
6582.000000 9.46634612e-01
6584.000000 9.44999266e-01
6586.000000 9.43468750e-01
6588.000000 9.42043064e-01
6590.000000 9.40715219e-01
6592.000000 9.39380386e-01
6594.000000 9.37947711e-01
6596.000000 9.36522025e-01
6598.000000 9.35089350e-01
6600.000000 9.33859346e-01
6602.000000 9.32629343e-01
6604.000000 9.31294509e-01
6606.000000 9.30064505e-01
6608.000000 9.28932343e-01
6610.000000 9.27898022e-01
6612.000000 9.26765859e-01
6614.000000 9.25626708e-01
6616.000000 9.24690228e-01
6618.000000 9.23558065e-01
6620.000000 9.22523744e-01
6622.000000 9.21398570e-01
6624.000000 9.20469079e-01
6626.000000 9.19546576e-01
6628.000000 9.18617084e-01
6630.000000 9.17694582e-01
6632.000000 9.16660260e-01
6634.000000 9.15821622e-01
6636.000000 9.14787300e-01
6638.000000 9.13752979e-01
6640.000000 9.12718658e-01
6642.000000 9.11893996e-01
6644.000000 9.11160187e-01
6646.000000 9.10335525e-01
6648.000000 9.09601716e-01
6650.000000 9.08777055e-01
6652.000000 9.07938416e-01
6654.000000 9.07197618e-01
6656.000000 9.06456821e-01
6658.000000 9.05918694e-01
6660.000000 9.05471420e-01
6662.000000 9.04933293e-01
6664.000000 9.04395167e-01
6666.000000 9.04052722e-01
6668.000000 9.03514596e-01
6670.000000 9.03172152e-01
6672.000000 9.03123231e-01
6674.000000 9.02969481e-01
6676.000000 9.02815730e-01
6678.000000 9.02661980e-01
6680.000000 9.02606070e-01
6682.000000 9.02738855e-01
6684.000000 9.02878628e-01
6686.000000 9.02913571e-01
6688.000000 9.03046356e-01
6690.000000 9.02990447e-01
6692.000000 9.03116242e-01
6694.000000 9.03339879e-01
6696.000000 9.03472664e-01
6698.000000 9.03598460e-01
6700.000000 9.03626414e-01
6702.000000 9.03752210e-01
6704.000000 9.03871017e-01
6706.000000 9.03996813e-01
6708.000000 9.04122609e-01
6710.000000 9.04241416e-01
6712.000000 9.04367212e-01
6714.000000 9.04486019e-01
6716.000000 9.04604826e-01
6718.000000 9.04723634e-01
6720.000000 9.04751588e-01
6722.000000 9.04674713e-01
6724.000000 9.04702668e-01
6726.000000 9.04912327e-01
6728.000000 9.05128976e-01
6730.000000 9.05149942e-01
6732.000000 9.05254772e-01
6734.000000 9.05268749e-01
6736.000000 9.05191874e-01
6738.000000 9.05108010e-01
6740.000000 9.04926305e-01
6742.000000 9.04562894e-01
6744.000000 9.04192496e-01
6746.000000 9.03919938e-01
6748.000000 9.03640392e-01
6750.000000 9.03269993e-01
6752.000000 9.02808741e-01
6754.000000 9.02249649e-01
6756.000000 9.01690556e-01
6758.000000 9.00942770e-01
6760.000000 9.00194984e-01
6762.000000 8.99349356e-01
6764.000000 8.98405887e-01
6766.000000 8.97462418e-01
6768.000000 8.96428097e-01
6770.000000 8.95205082e-01
6772.000000 8.93800362e-01
6774.000000 8.92297801e-01
6776.000000 8.90802228e-01
6778.000000 8.89215803e-01
6780.000000 8.87622389e-01
6782.000000 8.85840281e-01
6784.000000 8.83967321e-01
6786.000000 8.82003508e-01
6788.000000 8.79760149e-01
6790.000000 8.77418949e-01
6792.000000 8.74903032e-01
6794.000000 8.72380127e-01
6796.000000 8.69773358e-01
6798.000000 8.66977895e-01
6800.000000 8.63993738e-01
6802.000000 8.60834865e-01
6804.000000 8.57675992e-01
6806.000000 8.54335414e-01
6808.000000 8.50715289e-01
6810.000000 8.46913459e-01
6812.000000 8.43209471e-01
6814.000000 8.39044231e-01
6816.000000 8.34788139e-01
6818.000000 8.30448183e-01
6820.000000 8.26108226e-01
6822.000000 8.21684406e-01
6824.000000 8.16988028e-01
6826.000000 8.12291651e-01
6828.000000 8.07511409e-01
6830.000000 8.02549462e-01
6832.000000 7.97321946e-01
6834.000000 7.92094431e-01
6836.000000 7.86873904e-01
6838.000000 7.81842070e-01
6840.000000 7.76726373e-01
6842.000000 7.71897211e-01
6844.000000 7.66425092e-01
6846.000000 7.61512066e-01
6848.000000 7.56326482e-01
6850.000000 7.50966182e-01
6852.000000 7.45515029e-01
6854.000000 7.39889160e-01
6856.000000 7.34458973e-01
6858.000000 7.29028786e-01
6860.000000 7.23514736e-01
6862.000000 7.18000685e-01
6864.000000 7.12311918e-01
6866.000000 7.06357582e-01
6868.000000 7.00501087e-01
6870.000000 6.94834683e-01
6872.000000 6.89087910e-01
6874.000000 6.83347427e-01
6876.000000 6.77522381e-01
6878.000000 6.71705023e-01
6880.000000 6.65802403e-01
6882.000000 6.59907470e-01
6884.000000 6.54020225e-01
6886.000000 6.48139270e-01
6888.000000 6.42265303e-01
6890.000000 6.36489877e-01
6892.000000 6.30721439e-01
6894.000000 6.25050842e-01
6896.000000 6.19386536e-01
6898.000000 6.13729217e-01
6900.000000 6.08078888e-01
6902.000000 6.02341200e-01
6904.000000 5.96973212e-01
6906.000000 5.91702367e-01
6908.000000 5.86437113e-01
6910.000000 5.81087994e-01
6912.000000 5.76020519e-01
6914.000000 5.71139640e-01
6916.000000 5.66444660e-01
6918.000000 5.61846124e-01
6920.000000 5.57342633e-01
6922.000000 5.52934887e-01
6924.000000 5.48622885e-01
6926.000000 5.44495384e-01
6928.000000 5.40462929e-01
6930.000000 5.36614275e-01
6932.000000 5.32954315e-01
6934.000000 5.29477458e-01
6936.000000 5.26004794e-01
6938.000000 5.22625778e-01
6940.000000 5.19250257e-01
6942.000000 5.15965588e-01
6944.000000 5.12864022e-01
6946.000000 5.09765251e-01
6948.000000 5.06670673e-01
6950.000000 5.03757801e-01
6952.000000 5.00849122e-01
6954.000000 4.98032693e-01
6956.000000 4.95397270e-01
6958.000000 4.92765342e-01
6960.000000 4.90224965e-01
6962.000000 4.87602122e-01
6964.000000 4.84982773e-01
6966.000000 4.82454976e-01
6968.000000 4.80107486e-01
6970.000000 4.77762092e-01
6972.000000 4.75686461e-01
6974.000000 4.73701682e-01
6976.000000 4.71807057e-01
6978.000000 4.70180098e-01
6980.000000 4.68731349e-01
6982.000000 4.67373453e-01
6984.000000 4.66105012e-01
6986.000000 4.65102139e-01
6988.000000 4.64276779e-01
6990.000000 4.63628231e-01
6992.000000 4.63245253e-01
6994.000000 4.62861576e-01
6996.000000 4.62742768e-01
6998.000000 4.62798678e-01
7000.000000 4.63030002e-01
7002.000000 4.63375941e-01
7004.000000 4.64070613e-01
7006.000000 4.64851246e-01
7008.000000 4.65804499e-01
7010.000000 4.67017730e-01
7012.000000 4.68312728e-01
7014.000000 4.69778949e-01
7016.000000 4.71329033e-01
7018.000000 4.73224357e-01
7020.000000 4.75201448e-01
7022.000000 4.77351159e-01
7024.000000 4.79669996e-01
7026.000000 4.82070599e-01
7028.000000 4.84639630e-01
7030.000000 4.87288331e-01
7032.000000 4.90022294e-01
7034.000000 4.93095905e-01
7036.000000 4.96249188e-01
7038.000000 4.99568800e-01
7040.000000 5.03052646e-01
7042.000000 5.06785287e-01
7044.000000 5.10682163e-01
7046.000000 5.14656612e-01
7048.000000 5.19051779e-01
7050.000000 5.23694344e-01
7052.000000 5.28332017e-01
7054.000000 5.33558834e-01
7056.000000 5.39030953e-01
7058.000000 5.44663112e-01
7060.000000 5.50625135e-01
7062.000000 5.56831063e-01
7064.000000 5.63450021e-01
7066.000000 5.70480610e-01
7068.000000 5.77837570e-01
7070.000000 5.85603366e-01
7072.000000 5.93778697e-01
7074.000000 6.02276905e-01
7076.000000 6.11011329e-01
7078.000000 6.19812844e-01
7080.000000 6.28850576e-01
7082.000000 6.38123825e-01
7084.000000 6.47631195e-01
7086.000000 6.57371985e-01
7088.000000 6.67177770e-01
7090.000000 6.76879425e-01
7092.000000 6.86398675e-01
7094.000000 6.95729930e-01
7096.000000 7.04875986e-01
7098.000000 7.13919309e-01
7100.000000 7.22438482e-01
7102.000000 7.30531348e-01
7104.000000 7.38016200e-01
7106.000000 7.45067755e-01
7108.000000 7.51357547e-01
7110.000000 7.56717847e-01
7112.000000 7.61148656e-01
7114.000000 7.64496223e-01
7116.000000 7.66662706e-01
7118.000000 7.67585209e-01
7120.000000 7.67347595e-01
7122.000000 7.65865999e-01
7124.000000 7.62728092e-01
7126.000000 7.57947851e-01
7128.000000 7.51350558e-01
7130.000000 7.43041044e-01
7132.000000 7.33096185e-01
7134.000000 7.21439104e-01
7136.000000 7.08328383e-01
7138.000000 6.93842993e-01
7140.000000 6.77741126e-01
7142.000000 6.60271579e-01
7144.000000 6.41851575e-01
7146.000000 6.22401442e-01
7148.000000 6.02007142e-01
7150.000000 5.80833607e-01
7152.000000 5.59051360e-01
7154.000000 5.36901509e-01
7156.000000 5.14549686e-01
7158.000000 4.92321562e-01
7160.000000 4.70379274e-01
7162.000000 4.48641056e-01
7164.000000 4.27269042e-01
7166.000000 4.06423974e-01
7168.000000 3.86265890e-01
7170.000000 3.66794093e-01
7172.000000 3.48088952e-01
7174.000000 3.30308409e-01
7176.000000 3.13286835e-01
7178.000000 2.97104599e-01
7180.000000 2.81435330e-01
7182.000000 2.66438371e-01
7184.000000 2.52032651e-01
7186.000000 2.38457184e-01
7188.000000 2.25630202e-01
7190.000000 2.13388171e-01
7192.000000 2.01892528e-01
7194.000000 1.91058013e-01
7196.000000 1.80723885e-01
7198.000000 1.70967719e-01
7200.000000 1.61788817e-01
7202.000000 1.53106109e-01
7204.000000 1.44996471e-01
7206.000000 1.37300561e-01
7208.000000 1.30095255e-01
7210.000000 1.23221911e-01
7212.000000 1.16916744e-01
7214.000000 1.10861072e-01
7216.000000 1.05212840e-01
7218.000000 9.98916758e-02
7220.000000 9.48968824e-02
7222.000000 9.02277603e-02
7224.000000 8.57249684e-02
7226.000000 8.15464501e-02
7228.000000 7.75482392e-02
7230.000000 7.38253814e-02
7232.000000 7.02821321e-02
7234.000000 6.69098254e-02
7236.000000 6.37402596e-02
7238.000000 6.07177351e-02
7240.000000 5.79592421e-02
7242.000000 5.52923705e-02
7244.000000 5.28179664e-02
7246.000000 5.04575474e-02
7248.000000 4.81872820e-02
7250.000000 4.60692995e-02
7252.000000 4.40487389e-02
7254.000000 4.21019086e-02
7256.000000 4.02752832e-02
7258.000000 3.85219688e-02
7260.000000 3.68804031e-02
7262.000000 3.53117291e-02
7264.000000 3.38155973e-02
7266.000000 3.23841805e-02
7268.000000 3.10172690e-02
7270.000000 2.96683183e-02
7272.000000 2.84454430e-02
7274.000000 2.72710691e-02
7276.000000 2.61758067e-02
7278.000000 2.51286961e-02
7280.000000 2.40912299e-02
7282.000000 2.31553788e-02
7284.000000 2.22135175e-02
7286.000000 2.13424512e-02
7288.000000 2.04882276e-02
7290.000000 1.85431445e-02
7300.000000 1.54661085e-02
7310.000000 1.30007198e-02
7320.000000 1.09957439e-02
7330.000000 9.34642076e-03
7340.000000 7.98146608e-03
7350.000000 7.19426371e-03
7360.000000 6.19191552e-03
7370.000000 5.34844048e-03
7380.000000 4.63855363e-03
7390.000000 4.04179217e-03
7400.000000 3.53758151e-03
7410.000000 3.10814248e-03
7420.000000 2.73861024e-03
7430.000000 2.41761421e-03
7440.000000 2.13949360e-03
7450.000000 1.89997834e-03
7460.000000 1.69233135e-03
7470.000000 1.51254115e-03
7480.000000 1.35743488e-03
7490.000000 1.22181999e-03
7500.000000 1.10269832e-03
7510.000000 9.97057775e-04
7520.000000 9.01285214e-04
7530.000000 8.16610641e-04
7540.000000 7.40853595e-04
7550.000000 6.74562685e-04
7560.000000 6.15801354e-04
7570.000000 5.63127145e-04
7580.000000 5.15994940e-04
7590.000000 4.73468960e-04
7600.000000 4.35419913e-04
7610.000000 4.01524925e-04
7620.000000 3.70878963e-04
7630.000000 3.42725157e-04
7640.000000 3.17352137e-04
7650.000000 2.94272096e-04
7660.000000 2.73070606e-04
7670.000000 2.54103390e-04
7680.000000 2.36643627e-04
7690.000000 2.20984842e-04
7700.000000 2.07103271e-04
