5385.000000 2.16136e-05
5386.000000 2.16271e-05
5387.000000 4.32813e-05
5388.000000 5.41355e-05
5389.000000 7.58371e-05
5390.000000 0.000198384
5399.000000 0.00130815
5400.000000 0.00182164
5401.000000 0.00247765
5402.000000 0.00336382
5403.000000 0.00458986
5404.000000 0.00628761
5405.000000 0.00844701
5406.000000 0.0110579
5407.000000 0.0143951
5408.000000 0.0187449
5409.000000 0.0240324
5410.000000 0.030347
5411.000000 0.0374162
5412.000000 0.0451424
5413.000000 0.0535928
5414.000000 0.0615253
5415.000000 0.0685428
5416.000000 0.0738504
5417.000000 0.077511
5418.000000 0.0791025
5419.000000 0.0790516
5420.000000 0.0779624
5421.000000 0.0764187
5422.000000 0.0751052
5423.000000 0.0741219
5424.000000 0.0738126
5425.000000 0.074245
5426.000000 0.075099
5427.000000 0.0764531
5428.000000 0.0781638
5429.000000 0.0799654
5430.000000 0.0818136
5431.000000 0.0835749
5432.000000 0.0852494
5433.000000 0.08677
5434.000000 0.0881698
5435.000000 0.0893596
5436.000000 0.0904392
5437.000000 0.0913081
5438.000000 0.092111
5439.000000 0.0927696
5440.000000 0.0933171
5441.000000 0.0936415
5442.000000 0.0938208
5443.000000 0.0938099
5444.000000 0.0936532
5445.000000 0.0932945
5446.000000 0.0927446
5447.000000 0.0918685
5448.000000 0.0907555
5449.000000 0.0889443
5450.000000 0.0865799
5451.000000 0.0836498
5452.000000 0.0800858
5453.000000 0.0755601
5454.000000 0.0699807
5455.000000 0.0637067
5456.000000 0.0570416
5457.000000 0.0502105
5458.000000 0.0434052
5459.000000 0.0364222
5460.000000 0.0298495
5461.000000 0.0241404
5462.000000 0.0191493
5463.000000 0.0151268
5464.000000 0.0115984
5465.000000 0.00881452
5466.000000 0.00666303
5467.000000 0.00513366
5468.000000 0.00395479
5469.000000 0.00304743
5470.000000 0.00236656
5471.000000 0.00185565
5472.000000 0.00145805
5473.000000 0.00117396
5474.000000 0.00093515
5475.000000 0.000741709
5476.000000 0.000593713
5477.000000 0.000479816
5478.000000 0.000388649
5479.000000 0.000308812
5480.000000 0.000240327
5481.000000 0.000194663
5482.000000 0.000160404
5483.000000 0.000126105
5484.000000 0.000103236
5485.000000 8.03414e-05
5486.000000 6.89039e-05
5487.000000 5.74531e-05
5488.000000 3.44918e-05
5490.000000 2.30211e-05
