5790.000000 2.18603092e-04
5800.000000 4.02997863e-04
5810.000000 7.58117903e-04
5820.000000 1.25848801e-03
5830.000000 2.14337090e-03
5840.000000 3.24385134e-03
5850.000000 5.00763257e-03
5852.000000 5.47766093e-03
5854.000000 6.02594936e-03
5856.000000 6.57379785e-03
5858.000000 7.16016536e-03
5860.000000 7.84542115e-03
5862.000000 8.55092806e-03
5864.000000 9.33415734e-03
5866.000000 1.01347048e-02
5868.000000 1.10180025e-02
5870.000000 1.19607966e-02
5872.000000 1.29728635e-02
5874.000000 1.41129314e-02
5876.000000 1.52835156e-02
5878.000000 1.65823801e-02
5880.000000 1.80098043e-02
5882.000000 1.95169062e-02
5884.000000 2.11822461e-02
5886.000000 2.29864108e-02
5888.000000 2.49296099e-02
5890.000000 2.70317454e-02
5892.000000 2.93518247e-02
5894.000000 3.18313292e-02
5896.000000 3.45294060e-02
5898.000000 3.75151883e-02
5900.000000 4.07694027e-02
5902.000000 4.43514755e-02
5904.000000 4.82520496e-02
5906.000000 5.25109984e-02
5908.000000 5.71386573e-02
5910.000000 6.22144244e-02
5912.000000 6.76407452e-02
5914.000000 7.34871021e-02
5916.000000 7.98026564e-02
5918.000000 8.65693217e-02
5920.000000 9.38562311e-02
5922.000000 1.01653608e-01
5924.000000 1.09913968e-01
5926.000000 1.18677113e-01
5928.000000 1.27943744e-01
5930.000000 1.37813019e-01
5932.000000 1.48188573e-01
5934.000000 1.59367188e-01
5936.000000 1.71152638e-01
5938.000000 1.83742545e-01
5940.000000 1.97040544e-01
5942.000000 2.11244256e-01
5944.000000 2.25959833e-01
5946.000000 2.41484057e-01
5948.000000 2.57720563e-01
5950.000000 2.74569489e-01
5952.000000 2.92529434e-01
5954.000000 3.11204452e-01
5956.000000 3.30694404e-01
5958.000000 3.50801665e-01
5960.000000 3.71427075e-01
5962.000000 3.92672588e-01
5964.000000 4.14238628e-01
5966.000000 4.36324213e-01
5968.000000 4.58831581e-01
5970.000000 4.81160179e-01
5972.000000 5.03506236e-01
5974.000000 5.25372551e-01
5976.000000 5.46858982e-01
5978.000000 5.67764417e-01
5980.000000 5.87685926e-01
5982.000000 6.06626304e-01
5984.000000 6.24480803e-01
5986.000000 6.41347188e-01
5988.000000 6.56923786e-01
5990.000000 6.70906831e-01
5992.000000 6.83594503e-01
5994.000000 6.94986104e-01
5996.000000 7.04976187e-01
5998.000000 7.13467689e-01
6000.000000 7.20758090e-01
6002.000000 7.26554098e-01
6004.000000 7.31135040e-01
6006.000000 7.34612645e-01
6008.000000 7.36972947e-01
6010.000000 7.38432424e-01
6012.000000 7.39095823e-01
6014.000000 7.39144705e-01
6016.000000 7.38390525e-01
6018.000000 7.37035796e-01
6020.000000 7.35269060e-01
6022.000000 7.33104286e-01
6024.000000 7.30737001e-01
6026.000000 7.27964693e-01
6028.000000 7.25192386e-01
6030.000000 7.22322314e-01
6032.000000 7.19445259e-01
6034.000000 7.16470440e-01
6036.000000 7.13795897e-01
6038.000000 7.11219117e-01
6040.000000 7.08851832e-01
6042.000000 7.06680074e-01
6044.000000 7.04710828e-01
6046.000000 7.03041857e-01
6048.000000 7.01777908e-01
6050.000000 7.00716470e-01
6052.000000 6.99962291e-01
6054.000000 6.99710898e-01
6056.000000 6.99662016e-01
6058.000000 6.99913409e-01
6060.000000 7.00472060e-01
6062.000000 7.01330987e-01
6064.000000 7.02385442e-01
6066.000000 7.03439896e-01
6068.000000 7.04501334e-01
6070.000000 7.05353277e-01
6072.000000 7.06316951e-01
6074.000000 7.07273641e-01
6076.000000 7.08132568e-01
6078.000000 7.08893731e-01
6080.000000 7.09550146e-01
6082.000000 7.10206561e-01
6084.000000 7.10667449e-01
6086.000000 7.11121353e-01
6088.000000 7.11477493e-01
6090.000000 7.12029162e-01
6092.000000 7.12685577e-01
6094.000000 7.13649251e-01
6096.000000 7.14710688e-01
6098.000000 7.16079384e-01
6100.000000 7.17545844e-01
6102.000000 7.19207832e-01
6104.000000 7.21079315e-01
6106.000000 7.23258055e-01
6108.000000 7.25534560e-01
6110.000000 7.28216086e-01
6112.000000 7.31295652e-01
6114.000000 7.34584713e-01
6116.000000 7.38076284e-01
6118.000000 7.41875113e-01
6120.000000 7.45974218e-01
6122.000000 7.50373598e-01
6124.000000 7.54877725e-01
6126.000000 7.59689110e-01
6128.000000 7.64696024e-01
6130.000000 7.70017179e-01
6132.000000 7.75533861e-01
6134.000000 7.81253055e-01
6136.000000 7.87181743e-01
6138.000000 7.93103448e-01
6140.000000 7.99032136e-01
6142.000000 8.04960825e-01
6144.000000 8.10896496e-01
6146.000000 8.16524909e-01
6148.000000 8.22055558e-01
6150.000000 8.27285932e-01
6152.000000 8.32299828e-01
6154.000000 8.37222944e-01
6156.000000 8.42236840e-01
6158.000000 8.46957445e-01
6160.000000 8.51475538e-01
6162.000000 8.55686373e-01
6164.000000 8.59694697e-01
6166.000000 8.63703021e-01
6168.000000 8.67613581e-01
6170.000000 8.71419394e-01
6172.000000 8.75127442e-01
6174.000000 8.78933255e-01
6176.000000 8.82543540e-01
6178.000000 8.86251589e-01
6180.000000 8.89959637e-01
6182.000000 8.93562939e-01
6184.000000 8.97173224e-01
6186.000000 9.00776525e-01
6188.000000 9.04386810e-01
6190.000000 9.07997095e-01
6192.000000 9.11502633e-01
6194.000000 9.15112917e-01
6196.000000 9.18723202e-01
6198.000000 9.22033212e-01
6200.000000 9.25231491e-01
6202.000000 9.28541501e-01
6204.000000 9.31949274e-01
6206.000000 9.35357048e-01
6208.000000 9.38464547e-01
6210.000000 9.41467298e-01
6212.000000 9.44365302e-01
6214.000000 9.47053812e-01
6216.000000 9.49449030e-01
6218.000000 9.51837265e-01
6220.000000 9.53918241e-01
6222.000000 9.55908437e-01
6224.000000 9.57696122e-01
6226.000000 9.59183531e-01
6228.000000 9.60761721e-01
6230.000000 9.62249131e-01
6232.000000 9.63624810e-01
6234.000000 9.64790995e-01
6236.000000 9.65761651e-01
6238.000000 9.66425050e-01
6240.000000 9.67193196e-01
6242.000000 9.67661066e-01
6244.000000 9.68024190e-01
6246.000000 9.68387313e-01
6248.000000 9.68757420e-01
6250.000000 9.68918032e-01
6252.000000 9.68869150e-01
6254.000000 9.68722504e-01
6256.000000 9.68575858e-01
6258.000000 9.68422229e-01
6260.000000 9.68380330e-01
6262.000000 9.68219718e-01
6264.000000 9.67863577e-01
6266.000000 9.67507437e-01
6268.000000 9.67249061e-01
6270.000000 9.66788173e-01
6272.000000 9.66131758e-01
6274.000000 9.65370595e-01
6276.000000 9.64609433e-01
6278.000000 9.63946034e-01
6280.000000 9.63394366e-01
6282.000000 9.62723984e-01
6284.000000 9.62263097e-01
6286.000000 9.61599698e-01
6288.000000 9.60936300e-01
6290.000000 9.60168154e-01
6292.000000 9.59400008e-01
6294.000000 9.58834374e-01
6296.000000 9.58275722e-01
6298.000000 9.57507577e-01
6300.000000 9.56739431e-01
6302.000000 9.56069049e-01
6304.000000 9.55608162e-01
6306.000000 9.55042527e-01
6308.000000 9.54379129e-01
6310.000000 9.53813494e-01
6312.000000 9.53136129e-01
6314.000000 9.52465748e-01
6316.000000 9.51893130e-01
6318.000000 9.51222748e-01
6320.000000 9.50342872e-01
6322.000000 9.49770255e-01
6324.000000 9.49197637e-01
6326.000000 9.48527255e-01
6328.000000 9.47752126e-01
6330.000000 9.46976998e-01
6332.000000 9.46097122e-01
6334.000000 9.45217246e-01
6336.000000 9.44546864e-01
6338.000000 9.43869499e-01
6340.000000 9.43192134e-01
6342.000000 9.42312258e-01
6344.000000 9.41530146e-01
6346.000000 9.40741051e-01
6348.000000 9.40063686e-01
6350.000000 9.39484085e-01
6352.000000 9.39106996e-01
6354.000000 9.38632142e-01
6356.000000 9.38255052e-01
6358.000000 9.37877963e-01
6360.000000 9.37605620e-01
6362.000000 9.37528805e-01
6364.000000 9.37556738e-01
6366.000000 9.37682435e-01
6368.000000 9.37912878e-01
6370.000000 9.38241086e-01
6372.000000 9.38674041e-01
6374.000000 9.39002249e-01
6376.000000 9.39337439e-01
6378.000000 9.39868158e-01
6380.000000 9.40503624e-01
6382.000000 9.41146073e-01
6384.000000 9.41984051e-01
6386.000000 9.42724264e-01
6388.000000 9.43359730e-01
6390.000000 9.44092960e-01
6392.000000 9.44728426e-01
6394.000000 9.45559420e-01
6396.000000 9.46292650e-01
6398.000000 9.47123644e-01
6400.000000 9.47961621e-01
6402.000000 9.48890379e-01
6404.000000 9.49819137e-01
6406.000000 9.50650131e-01
6408.000000 9.51474141e-01
6410.000000 9.52402899e-01
6412.000000 9.53233893e-01
6414.000000 9.53960140e-01
6416.000000 9.54791134e-01
6418.000000 9.55615145e-01
6420.000000 9.56648650e-01
6422.000000 9.57570425e-01
6424.000000 9.58394436e-01
6426.000000 9.59420958e-01
6428.000000 9.60342733e-01
6430.000000 9.61264507e-01
6432.000000 9.62088518e-01
6434.000000 9.63115040e-01
6436.000000 9.64239326e-01
6438.000000 9.65468359e-01
6440.000000 9.66599628e-01
6442.000000 9.67821678e-01
6444.000000 9.68938981e-01
6446.000000 9.69958520e-01
6448.000000 9.70880295e-01
6450.000000 9.72102345e-01
6452.000000 9.73324395e-01
6454.000000 9.74448681e-01
6456.000000 9.75468220e-01
6458.000000 9.76585523e-01
6460.000000 9.77709809e-01
6462.000000 9.78917892e-01
6464.000000 9.80328487e-01
6466.000000 9.81641318e-01
6468.000000 9.82751638e-01
6470.000000 9.83757210e-01
6472.000000 9.84867530e-01
6474.000000 9.85977849e-01
6476.000000 9.87290680e-01
6478.000000 9.88603511e-01
6480.000000 9.89706848e-01
6482.000000 9.90817167e-01
6484.000000 9.91822740e-01
6486.000000 9.92723565e-01
6488.000000 9.93631374e-01
6490.000000 9.94532199e-01
6492.000000 9.95426042e-01
6494.000000 9.96215137e-01
6496.000000 9.97101996e-01
6498.000000 9.98100585e-01
6500.000000 9.98987444e-01
6502.000000 9.99280736e-01
6504.000000 9.99469281e-01
6506.000000 9.99553079e-01
6508.000000 9.99741624e-01
6510.000000 9.99923185e-01
6512.000000 1.00000000e+00
6514.000000 9.99979051e-01
6516.000000 9.99748607e-01
6518.000000 9.99217888e-01
6520.000000 9.98379911e-01
6522.000000 9.97234675e-01
6524.000000 9.95789165e-01
6526.000000 9.94643930e-01
6528.000000 9.94308739e-01
6530.000000 9.94678845e-01
6532.000000 9.95656485e-01
6534.000000 9.96627142e-01
6536.000000 9.97590816e-01
6538.000000 9.97953939e-01
6540.000000 9.97514001e-01
6542.000000 9.96662058e-01
6544.000000 9.95817098e-01
6546.000000 9.95167665e-01
6548.000000 9.94622980e-01
6550.000000 9.93882767e-01
6552.000000 9.93128588e-01
6554.000000 9.92381391e-01
6556.000000 9.91627212e-01
6558.000000 9.90977780e-01
6560.000000 9.90125836e-01
6562.000000 9.89378640e-01
6564.000000 9.88526697e-01
6566.000000 9.87681736e-01
6568.000000 9.86934540e-01
6570.000000 9.85984833e-01
6572.000000 9.85028142e-01
6574.000000 9.84169216e-01
6576.000000 9.83205542e-01
6578.000000 9.82151087e-01
6580.000000 9.81096633e-01
6582.000000 9.79944414e-01
6584.000000 9.78896943e-01
6586.000000 9.77849471e-01
6588.000000 9.76697253e-01
6590.000000 9.75552017e-01
6592.000000 9.74504546e-01
6594.000000 9.73352327e-01
6596.000000 9.72004581e-01
6598.000000 9.70852362e-01
6600.000000 9.69609363e-01
6602.000000 9.68254633e-01
6604.000000 9.66906887e-01
6606.000000 9.65559140e-01
6608.000000 9.64309158e-01
6610.000000 9.62961411e-01
6612.000000 9.61906957e-01
6614.000000 9.60649991e-01
6616.000000 9.59302244e-01
6618.000000 9.57856734e-01
6620.000000 9.56508987e-01
6622.000000 9.55168224e-01
6624.000000 9.53827461e-01
6626.000000 9.52584461e-01
6628.000000 9.51348445e-01
6630.000000 9.49909917e-01
6632.000000 9.48659935e-01
6634.000000 9.47416936e-01
6636.000000 9.46069189e-01
6638.000000 9.44728426e-01
6640.000000 9.43576207e-01
6642.000000 9.42437955e-01
6644.000000 9.41299703e-01
6646.000000 9.40259214e-01
6648.000000 9.39120962e-01
6650.000000 9.37982710e-01
6652.000000 9.36739710e-01
6654.000000 9.35594475e-01
6656.000000 9.34547004e-01
6658.000000 9.33499532e-01
6660.000000 9.32549825e-01
6662.000000 9.31607100e-01
6664.000000 9.30566612e-01
6666.000000 9.29526124e-01
6668.000000 9.28583400e-01
6670.000000 9.27452131e-01
6672.000000 9.26607170e-01
6674.000000 9.25950755e-01
6676.000000 9.25203559e-01
6678.000000 9.24351615e-01
6680.000000 9.23506655e-01
6682.000000 9.22759459e-01
6684.000000 9.22012262e-01
6686.000000 9.21265066e-01
6688.000000 9.20517870e-01
6690.000000 9.19770674e-01
6692.000000 9.19114258e-01
6694.000000 9.18457843e-01
6696.000000 9.17801427e-01
6698.000000 9.17145012e-01
6700.000000 9.16586361e-01
6702.000000 9.15929945e-01
6704.000000 9.15469058e-01
6706.000000 9.14910406e-01
6708.000000 9.14358738e-01
6710.000000 9.13890867e-01
6712.000000 9.13429980e-01
6714.000000 9.13066857e-01
6716.000000 9.12794514e-01
6718.000000 9.12431391e-01
6720.000000 9.12068267e-01
6722.000000 9.11698161e-01
6724.000000 9.11432801e-01
6726.000000 9.11258223e-01
6728.000000 9.11174425e-01
6730.000000 9.10999846e-01
6732.000000 9.10916049e-01
6734.000000 9.10825268e-01
6736.000000 9.10643706e-01
6738.000000 9.10559908e-01
6740.000000 9.10469128e-01
6742.000000 9.10189802e-01
6744.000000 9.10008240e-01
6746.000000 9.10015223e-01
6748.000000 9.10112987e-01
6750.000000 9.10029190e-01
6752.000000 9.10029190e-01
6754.000000 9.10036173e-01
6756.000000 9.10036173e-01
6758.000000 9.10043156e-01
6760.000000 9.10140920e-01
6762.000000 9.10133937e-01
6764.000000 9.10322482e-01
6766.000000 9.10315498e-01
6768.000000 9.10406279e-01
6770.000000 9.10497060e-01
6772.000000 9.10587841e-01
6774.000000 9.10399296e-01
6776.000000 9.10301532e-01
6778.000000 9.10490077e-01
6780.000000 9.10671639e-01
6782.000000 9.10762420e-01
6784.000000 9.10846217e-01
6786.000000 9.10930015e-01
6788.000000 9.10916049e-01
6790.000000 9.10909066e-01
6792.000000 9.10804318e-01
6794.000000 9.10881133e-01
6796.000000 9.10776386e-01
6798.000000 9.10762420e-01
6800.000000 9.10846217e-01
6802.000000 9.10923032e-01
6804.000000 9.11006830e-01
6806.000000 9.10985880e-01
6808.000000 9.10971914e-01
6810.000000 9.10769403e-01
6812.000000 9.10566892e-01
6814.000000 9.10462144e-01
6816.000000 9.10350414e-01
6818.000000 9.10147903e-01
6820.000000 9.10036173e-01
6822.000000 9.10015223e-01
6824.000000 9.09910476e-01
6826.000000 9.09798746e-01
6828.000000 9.09777796e-01
6830.000000 9.09666066e-01
6832.000000 9.09275010e-01
6834.000000 9.08883954e-01
6836.000000 9.08492898e-01
6838.000000 9.08290387e-01
6840.000000 9.07990112e-01
6842.000000 9.07787601e-01
6844.000000 9.07396545e-01
6846.000000 9.07096270e-01
6848.000000 9.06795994e-01
6850.000000 9.06404938e-01
6852.000000 9.05832321e-01
6854.000000 9.05259703e-01
6856.000000 9.04868647e-01
6858.000000 9.04477591e-01
6860.000000 9.03904973e-01
6862.000000 9.03234592e-01
6864.000000 9.02382648e-01
6866.000000 9.01530705e-01
6868.000000 9.00678761e-01
6870.000000 8.99917599e-01
6872.000000 8.98981858e-01
6874.000000 8.98136898e-01
6876.000000 8.97382718e-01
6878.000000 8.96453960e-01
6880.000000 8.95609000e-01
6882.000000 8.94771023e-01
6884.000000 8.93926062e-01
6886.000000 8.93178866e-01
6888.000000 8.92243125e-01
6890.000000 8.91405148e-01
6892.000000 8.90657952e-01
6894.000000 8.89729194e-01
6896.000000 8.88800436e-01
6898.000000 8.87780897e-01
6900.000000 8.86761358e-01
6902.000000 8.85741819e-01
6904.000000 8.84722280e-01
6906.000000 8.83521180e-01
6908.000000 8.82320079e-01
6910.000000 8.81118979e-01
6912.000000 8.79841064e-01
6914.000000 8.78646946e-01
6916.000000 8.77369031e-01
6918.000000 8.76174914e-01
6920.000000 8.74987780e-01
6922.000000 8.73709864e-01
6924.000000 8.72438932e-01
6926.000000 8.71251798e-01
6928.000000 8.69980866e-01
6930.000000 8.68884513e-01
6932.000000 8.67529783e-01
6934.000000 8.66356615e-01
6936.000000 8.65092666e-01
6938.000000 8.63737937e-01
6940.000000 8.62564769e-01
6942.000000 8.61210039e-01
6944.000000 8.59862292e-01
6946.000000 8.58507563e-01
6948.000000 8.56978254e-01
6950.000000 8.55448946e-01
6952.000000 8.54010419e-01
6954.000000 8.52844234e-01
6956.000000 8.51678049e-01
6958.000000 8.50504881e-01
6960.000000 8.49254899e-01
6962.000000 8.47914135e-01
6964.000000 8.46314996e-01
6966.000000 8.44715856e-01
6968.000000 8.43025935e-01
6970.000000 8.41342998e-01
6972.000000 8.40009218e-01
6974.000000 8.38682421e-01
6976.000000 8.37446404e-01
6978.000000 8.36294186e-01
6980.000000 8.35058170e-01
6982.000000 8.33905951e-01
6984.000000 8.32676918e-01
6986.000000 8.31524699e-01
6988.000000 8.30470245e-01
6990.000000 8.29325009e-01
6992.000000 8.28361336e-01
6994.000000 8.27216100e-01
6996.000000 8.26161646e-01
6998.000000 8.25023394e-01
7000.000000 8.24059720e-01
7002.000000 8.22746889e-01
7004.000000 8.21601654e-01
7006.000000 8.20379604e-01
7008.000000 8.19332132e-01
7010.000000 8.18193880e-01
7012.000000 8.17139425e-01
7014.000000 8.16091954e-01
7016.000000 8.15037499e-01
7018.000000 8.13990028e-01
7020.000000 8.13117135e-01
7022.000000 8.12076647e-01
7024.000000 8.10945378e-01
7026.000000 8.09904890e-01
7028.000000 8.08955182e-01
7030.000000 8.08005475e-01
7032.000000 8.07055767e-01
7034.000000 8.06029245e-01
7036.000000 8.05170319e-01
7038.000000 8.04311392e-01
7040.000000 8.03452466e-01
7042.000000 8.02677337e-01
7044.000000 8.01818410e-01
7046.000000 8.00959484e-01
7048.000000 8.00184355e-01
7050.000000 7.99500007e-01
7052.000000 7.98822642e-01
7054.000000 7.98222092e-01
7056.000000 7.97796120e-01
7058.000000 7.97034958e-01
7060.000000 7.96266812e-01
7062.000000 7.95673245e-01
7064.000000 7.94905099e-01
7066.000000 7.94227734e-01
7068.000000 7.93801763e-01
7070.000000 7.93382774e-01
7072.000000 7.92873005e-01
7074.000000 7.92447033e-01
7076.000000 7.92021061e-01
7078.000000 7.91427494e-01
7080.000000 7.90917725e-01
7082.000000 7.90575551e-01
7084.000000 7.90149579e-01
7086.000000 7.89814388e-01
7088.000000 7.89639809e-01
7090.000000 7.89297636e-01
7092.000000 7.88878647e-01
7094.000000 7.88536473e-01
7096.000000 7.88201282e-01
7098.000000 7.87775310e-01
7100.000000 7.87523917e-01
7102.000000 7.87433136e-01
7104.000000 7.87433136e-01
7106.000000 7.87502968e-01
7108.000000 7.87335372e-01
7110.000000 7.86993198e-01
7112.000000 7.86902418e-01
7114.000000 7.86720856e-01
7116.000000 7.86462480e-01
7118.000000 7.86287901e-01
7120.000000 7.86190137e-01
7122.000000 7.86259968e-01
7124.000000 7.86497395e-01
7126.000000 7.86644041e-01
7128.000000 7.86713873e-01
7130.000000 7.86616109e-01
7132.000000 7.86518345e-01
7134.000000 7.86336783e-01
7136.000000 7.86246002e-01
7138.000000 7.86392648e-01
7140.000000 7.86455496e-01
7142.000000 7.86434547e-01
7144.000000 7.86490412e-01
7146.000000 7.86553260e-01
7148.000000 7.86609126e-01
7150.000000 7.86741805e-01
7152.000000 7.86804654e-01
7154.000000 7.86699906e-01
7156.000000 7.86434547e-01
7158.000000 7.86406614e-01
7160.000000 7.86385665e-01
7162.000000 7.86273935e-01
7164.000000 7.86169188e-01
7166.000000 7.86141255e-01
7168.000000 7.86113322e-01
7170.000000 7.85917794e-01
7172.000000 7.85652435e-01
7174.000000 7.85387076e-01
7176.000000 7.85198531e-01
7178.000000 7.85086800e-01
7180.000000 7.84898256e-01
7182.000000 7.84549098e-01
7184.000000 7.84192958e-01
7186.000000 7.83913632e-01
7188.000000 7.83718104e-01
7190.000000 7.83445762e-01
7192.000000 7.83173419e-01
7194.000000 7.82824262e-01
7196.000000 7.82391307e-01
7198.000000 7.81958353e-01
7200.000000 7.81686010e-01
7202.000000 7.81253055e-01
7204.000000 7.80820100e-01
7206.000000 7.80310331e-01
7208.000000 7.79800561e-01
7210.000000 7.79290792e-01
7212.000000 7.78620410e-01
7214.000000 7.78026843e-01
7216.000000 7.77517074e-01
7218.000000 7.77007304e-01
7220.000000 7.76420720e-01
7222.000000 7.75834136e-01
7224.000000 7.75170738e-01
7226.000000 7.74430525e-01
7228.000000 7.73767126e-01
7230.000000 7.72950098e-01
7232.000000 7.72049273e-01
7234.000000 7.71071633e-01
7236.000000 7.70170808e-01
7238.000000 7.69353780e-01
7240.000000 7.68452955e-01
7242.000000 7.67482298e-01
7244.000000 7.66595439e-01
7246.000000 7.65547967e-01
7248.000000 7.64577310e-01
7250.000000 7.63460008e-01
7252.000000 7.62335722e-01
7254.000000 7.61064790e-01
7256.000000 7.59870672e-01
7258.000000 7.58830184e-01
7260.000000 7.57866510e-01
7262.000000 7.56756191e-01
7264.000000 7.55562073e-01
7266.000000 7.54298124e-01
7268.000000 7.52957361e-01
7270.000000 7.51539783e-01
7272.000000 7.50136171e-01
7274.000000 7.48725576e-01
7276.000000 7.47321965e-01
7278.000000 7.45841539e-01
7280.000000 7.44591556e-01
7282.000000 7.43334590e-01
7284.000000 7.41930979e-01
7286.000000 7.40457536e-01
7288.000000 7.38907278e-01
7290.000000 7.37426852e-01
7292.000000 7.35960392e-01
7294.000000 7.34493932e-01
7296.000000 7.33034455e-01
7298.000000 7.31574978e-01
7300.000000 7.30108518e-01
7302.000000 7.28502395e-01
7304.000000 7.26819458e-01
7306.000000 7.25213335e-01
7308.000000 7.23614195e-01
7310.000000 7.22015056e-01
7312.000000 7.20415916e-01
7314.000000 7.18830743e-01
7316.000000 7.17238586e-01
7318.000000 7.15730227e-01
7320.000000 7.14068239e-01
7322.000000 7.12406251e-01
7324.000000 7.10597617e-01
7326.000000 7.08712169e-01
7328.000000 7.06987333e-01
7330.000000 7.05409142e-01
7332.000000 7.03761121e-01
7334.000000 7.02266728e-01
7336.000000 7.00772336e-01
7338.000000 6.99208112e-01
7340.000000 6.97499337e-01
7342.000000 6.95791260e-01
7344.000000 6.94085278e-01
7346.000000 6.92604154e-01
7348.000000 6.90977081e-01
7350.000000 6.89130040e-01
7352.000000 6.87507856e-01
7354.000000 6.85961090e-01
7356.000000 6.84490440e-01
7358.000000 6.82948562e-01
7360.000000 6.81555425e-01
7362.000000 6.80095250e-01
7364.000000 6.78711191e-01
7366.000000 6.77255206e-01
7368.000000 6.75873940e-01
7370.000000 6.74348124e-01
7372.000000 6.72820910e-01
7374.000000 6.71368417e-01
7376.000000 6.70063966e-01
7378.000000 6.68761609e-01
7380.000000 6.67752545e-01
7382.000000 6.66675745e-01
7384.000000 6.65455091e-01
7386.000000 6.64163210e-01
7388.000000 6.62872725e-01
7390.000000 6.61728886e-01
7392.000000 6.60515216e-01
7394.000000 6.59446795e-01
7396.000000 6.58380470e-01
7398.000000 6.57314842e-01
7400.000000 6.56177986e-01
7402.000000 6.55119342e-01
7404.000000 6.54134020e-01
7406.000000 6.53149397e-01
7408.000000 6.52094244e-01
7410.000000 6.51111716e-01
7412.000000 6.50127093e-01
7414.000000 6.49358249e-01
7416.000000 6.48518875e-01
7418.000000 6.47608972e-01
7420.000000 6.46842223e-01
7422.000000 6.45937906e-01
7424.000000 6.44819905e-01
7426.000000 6.43917683e-01
7428.000000 6.43158615e-01
7430.000000 6.42329018e-01
7432.000000 6.41433779e-01
7434.000000 6.40610466e-01
7436.000000 6.39645396e-01
7438.000000 6.38965936e-01
7440.000000 6.38285778e-01
7442.000000 6.37461767e-01
7444.000000 6.36708985e-01
7446.000000 6.35956900e-01
7448.000000 6.35205514e-01
7450.000000 6.34454128e-01
7452.000000 6.33708328e-01
7454.000000 6.33174118e-01
7456.000000 6.32570076e-01
7458.000000 6.31896203e-01
7460.000000 6.31222329e-01
7462.000000 6.30619684e-01
7464.000000 6.30017039e-01
7466.000000 6.29554755e-01
7468.000000 6.29162302e-01
7470.000000 6.28839681e-01
7472.000000 6.28517758e-01
7474.000000 6.28195835e-01
7476.000000 6.27873214e-01
7478.000000 6.27411628e-01
7480.000000 6.27019176e-01
7482.000000 6.26835519e-01
7484.000000 6.26582729e-01
7486.000000 6.26467507e-01
7488.000000 6.26351587e-01
7490.000000 6.26304800e-01
7492.000000 6.26261505e-01
7494.000000 6.26355079e-01
7496.000000 6.26310387e-01
7498.000000 6.26333431e-01
7500.000000 6.26424910e-01
7502.000000 6.26447256e-01
7504.000000 6.26537339e-01
7506.000000 6.26626723e-01
7508.000000 6.26715409e-01
7510.000000 6.26939568e-01
7512.000000 6.27094594e-01
7514.000000 6.27248223e-01
7516.000000 6.27537325e-01
7518.000000 6.27825030e-01
7520.000000 6.28111339e-01
7522.000000 6.28533121e-01
7524.000000 6.28885071e-01
7526.000000 6.29167190e-01
7528.000000 6.29379478e-01
7530.000000 6.29727238e-01
7532.000000 6.30005168e-01
7534.000000 6.30282398e-01
7536.000000 6.30557534e-01
7538.000000 6.30764235e-01
7540.000000 6.30901803e-01
7542.000000 6.31105711e-01
7544.000000 6.31308222e-01
7546.000000 6.31577073e-01
7548.000000 6.31776791e-01
7550.000000 6.31975810e-01
7552.000000 6.32307510e-01
7554.000000 6.32504434e-01
7556.000000 6.32498149e-01
7558.000000 6.32558204e-01
7560.000000 6.32617561e-01
7562.000000 6.32875937e-01
7564.000000 6.33066577e-01
7566.000000 6.33322160e-01
7568.000000 6.33443667e-01
7570.000000 6.33563777e-01
7572.000000 6.33815868e-01
7574.000000 6.34000922e-01
7576.000000 6.34117540e-01
7578.000000 6.34034441e-01
7580.000000 6.34148964e-01
7582.000000 6.34197148e-01
7584.000000 6.34375917e-01
7586.000000 6.34553987e-01
7588.000000 6.34730660e-01
7590.000000 6.34773956e-01
7592.000000 6.34750911e-01
7594.000000 6.34792112e-01
7596.000000 6.34767671e-01
7598.000000 6.34675493e-01
7600.000000 6.34714599e-01
7602.000000 6.34753006e-01
7604.000000 6.34790017e-01
7606.000000 6.34760688e-01
7608.000000 6.34730660e-01
7610.000000 6.34568651e-01
7612.000000 6.34471586e-01
7614.000000 6.34439463e-01
7616.000000 6.34471586e-01
7618.000000 6.34306783e-01
7620.000000 6.34012095e-01
7622.000000 6.33652463e-01
7624.000000 6.33357076e-01
7626.000000 6.33061689e-01
7628.000000 6.32960434e-01
7630.000000 6.32663650e-01
7632.000000 6.32302621e-01
7634.000000 6.31941593e-01
7636.000000 6.31644809e-01
7638.000000 6.31347328e-01
7640.000000 6.31178335e-01
7642.000000 6.30945099e-01
7644.000000 6.30582673e-01
7646.000000 6.30027514e-01
7648.000000 6.29536599e-01
7650.000000 6.29109230e-01
7652.000000 6.28619014e-01
7654.000000 6.28000307e-01
7656.000000 6.27254508e-01
7658.000000 6.26445161e-01
7660.000000 6.25764305e-01
7662.000000 6.25211240e-01
7664.000000 6.24722420e-01
7666.000000 6.24170053e-01
7668.000000 6.23427047e-01
7670.000000 6.22557646e-01
7672.000000 6.21626095e-01
7674.000000 6.20695242e-01
7676.000000 6.19892180e-01
7678.000000 6.19152665e-01
7680.000000 6.18287454e-01
7682.000000 6.17360093e-01
7684.000000 6.16434128e-01
7686.000000 6.15446013e-01
7688.000000 6.14270052e-01
7690.000000 6.13096186e-01
7692.000000 6.11985866e-01
7694.000000 6.10814793e-01
7696.000000 6.09770115e-01
7698.000000 6.08789682e-01
7700.000000 6.07684949e-01
7702.000000 6.06519462e-01
7704.000000 6.05417522e-01
7706.000000 6.04129831e-01
7708.000000 6.02657086e-01
7710.000000 6.01373584e-01
7712.000000 6.00029329e-01
7714.000000 5.98500719e-01
7716.000000 5.97160654e-01
7718.000000 5.95759836e-01
7720.000000 5.94361112e-01
7722.000000 5.92964484e-01
7724.000000 5.91693552e-01
7726.000000 5.90238963e-01
7728.000000 5.88786469e-01
7730.000000 5.87397522e-01
7732.000000 5.85887767e-01
7734.000000 5.84380106e-01
7736.000000 5.82874541e-01
7738.000000 5.81309619e-01
7740.000000 5.79746791e-01
7742.000000 5.78371112e-01
7744.000000 5.77057583e-01
7746.000000 5.75685395e-01
7748.000000 5.74193098e-01
7750.000000 5.72641444e-01
7752.000000 5.70970378e-01
7754.000000 5.69424310e-01
7756.000000 5.67940392e-01
7758.000000 5.66519322e-01
7760.000000 5.65100348e-01
7762.000000 5.63684166e-01
7764.000000 5.62209327e-01
7766.000000 5.60736582e-01
7768.000000 5.59325987e-01
7770.000000 5.57796679e-01
7772.000000 5.56270164e-01
7774.000000 5.54745744e-01
7776.000000 5.53284172e-01
7778.000000 5.51823997e-01
7780.000000 5.50305862e-01
7782.000000 5.48911328e-01
7784.000000 5.47517493e-01
7786.000000 5.46066396e-01
7788.000000 5.44557339e-01
7790.000000 5.43051075e-01
7792.000000 5.41486851e-01
7794.000000 5.39866063e-01
7796.000000 5.38188014e-01
7798.000000 5.36512060e-01
7800.000000 5.34838899e-01
7802.000000 5.33287943e-01
7804.000000 5.31857097e-01
7806.000000 5.30310331e-01
7808.000000 5.28765660e-01
7810.000000 5.27105068e-01
7812.000000 5.25329255e-01
7814.000000 5.23614894e-01
7816.000000 5.21903325e-01
7818.000000 5.20135892e-01
7820.000000 5.18488569e-01
7822.000000 5.16903395e-01
7824.000000 5.15144342e-01
7826.000000 5.13388081e-01
7828.000000 5.11693272e-01
7830.000000 5.09941900e-01
7832.000000 5.08194718e-01
7834.000000 5.06449631e-01
7836.000000 5.04590718e-01
7838.000000 5.02792559e-01
7840.000000 5.01289088e-01
7842.000000 4.99904331e-01
7844.000000 4.98463709e-01
7846.000000 4.96967221e-01
7848.000000 4.95356908e-01
7850.000000 4.93749389e-01
7852.000000 4.92202623e-01
7854.000000 4.90599992e-01
7856.000000 4.89115375e-01
7858.000000 4.87748076e-01
7860.000000 4.86268348e-01
7862.000000 4.84790715e-01
7864.000000 4.83431097e-01
7866.000000 4.82187400e-01
7868.000000 4.81003757e-01
7870.000000 4.79706987e-01
7872.000000 4.78526836e-01
7874.000000 4.77290820e-01
7876.000000 4.75999637e-01
7878.000000 4.74767811e-01
7880.000000 4.73708468e-01
7882.000000 4.72593958e-01
7884.000000 4.71481544e-01
7886.000000 4.70483652e-01
7888.000000 4.69431293e-01
7890.000000 4.68436195e-01
7892.000000 4.67499756e-01
7894.000000 4.66394324e-01
7896.000000 4.65347551e-01
7898.000000 4.64358040e-01
7900.000000 4.63483052e-01
7902.000000 4.62666024e-01
7904.000000 4.61793830e-01
7906.000000 4.60640913e-01
7908.000000 4.59601821e-01
7910.000000 4.58677253e-01
7912.000000 4.57809947e-01
7914.000000 4.56999902e-01
7916.000000 4.56190556e-01
7918.000000 4.55381908e-01
7920.000000 4.54518792e-01
7922.000000 4.53545342e-01
7924.000000 4.52629153e-01
7926.000000 4.51880560e-01
7928.000000 4.51244396e-01
7930.000000 4.50553763e-01
7932.000000 4.49863829e-01
7934.000000 4.49230458e-01
7936.000000 4.48652253e-01
7938.000000 4.47964414e-01
7940.000000 4.47387606e-01
7942.000000 4.46867362e-01
7944.000000 4.46347118e-01
7946.000000 4.45993073e-01
7948.000000 4.45583861e-01
7950.000000 4.45174648e-01
7952.000000 4.44875770e-01
7954.000000 4.44467256e-01
7956.000000 4.44058742e-01
7958.000000 4.43814332e-01
7960.000000 4.43734724e-01
7962.000000 4.43544783e-01
7964.000000 4.43355540e-01
7966.000000 4.43274535e-01
7968.000000 4.43356238e-01
7970.000000 4.43273837e-01
7972.000000 4.43245206e-01
7974.000000 4.43216575e-01
7976.000000 4.43132777e-01
7978.000000 4.43102750e-01
7980.000000 4.43126493e-01
7982.000000 4.43095767e-01
7984.000000 4.43064343e-01
7986.000000 4.43085990e-01
7988.000000 4.43053170e-01
7990.000000 4.43127191e-01
7992.000000 4.43147442e-01
7994.000000 4.43112526e-01
7996.000000 4.42916300e-01
7998.000000 4.42504993e-01
8000.000000 4.39842321e-01
8002.000000 4.39192888e-01
8004.000000 4.38437312e-01
8006.000000 4.37628664e-01
8008.000000 4.36873787e-01
8010.000000 4.36226449e-01
8012.000000 4.35632882e-01
8014.000000 4.34720884e-01
8016.000000 4.33545621e-01
8018.000000 4.32266309e-01
8020.000000 4.31042164e-01
8022.000000 4.29873186e-01
8024.000000 4.28969567e-01
8026.000000 4.28119021e-01
8028.000000 4.27217497e-01
8030.000000 4.26316672e-01
8032.000000 4.25470315e-01
8034.000000 4.24363487e-01
8036.000000 4.23101633e-01
8038.000000 4.21945923e-01
8040.000000 4.20844681e-01
8042.000000 4.19745534e-01
8044.000000 4.18543735e-01
8046.000000 4.17500454e-01
8048.000000 4.16767922e-01
8050.000000 4.16036787e-01
8052.000000 4.15306350e-01
8054.000000 4.14628287e-01
8056.000000 4.13899247e-01
8058.000000 4.13119230e-01
8060.000000 4.12237958e-01
8062.000000 4.11357383e-01
8064.000000 4.10427927e-01
8066.000000 4.09192609e-01
8068.000000 4.07909107e-01
8070.000000 4.07085795e-01
8072.000000 4.06517367e-01
8074.000000 4.05797405e-01
8076.000000 4.04825352e-01
8078.000000 4.03752741e-01
8080.000000 4.02530691e-01
8082.000000 4.01210179e-01
8084.000000 3.99590788e-01
8086.000000 3.97522381e-01
8088.000000 3.95258446e-01
8090.000000 3.92949819e-01
8092.000000 3.90646779e-01
8094.000000 3.88299744e-01
8096.000000 3.85758579e-01
8098.000000 3.82925518e-01
8100.000000 3.79999581e-01
8102.000000 3.76784542e-01
8104.000000 3.73131660e-01
8106.000000 3.69339814e-01
8108.000000 3.65361517e-01
8110.000000 3.61344115e-01
8112.000000 3.57140962e-01
8114.000000 3.52507647e-01
8116.000000 3.47838019e-01
8118.000000 3.43377187e-01
8120.000000 3.38977808e-01
8122.000000 3.34590997e-01
8124.000000 3.30021229e-01
8126.000000 3.25123951e-01
8128.000000 3.19948744e-01
8130.000000 3.14739319e-01
8132.000000 3.09545956e-01
8134.000000 3.04270192e-01
8136.000000 2.98912725e-01
8138.000000 2.93571319e-01
8140.000000 2.88438011e-01
8142.000000 2.83320065e-01
8144.000000 2.78168601e-01
8146.000000 2.73176352e-01
8148.000000 2.68438290e-01
8150.000000 2.63713496e-01
8152.000000 2.58955182e-01
8154.000000 2.54115864e-01
8156.000000 2.49289814e-01
8158.000000 2.44764040e-01
8160.000000 2.40393291e-01
8162.000000 2.36083295e-01
8164.000000 2.32021899e-01
8166.000000 2.28255890e-01
8168.000000 2.24594629e-01
8170.000000 2.20944540e-01
8172.000000 2.17445985e-01
8174.000000 2.14098965e-01
8176.000000 2.10854597e-01
8178.000000 2.07573218e-01
8180.000000 2.04301616e-01
8182.000000 2.00993003e-01
8184.000000 1.97647379e-01
8186.000000 1.94265443e-01
8188.000000 1.90986159e-01
8190.000000 1.87623776e-01
8192.000000 1.84132903e-01
8194.000000 1.80514239e-01
8196.000000 1.76767783e-01
8198.000000 1.73125375e-01
8200.000000 1.69539532e-01
8202.000000 1.65826595e-01
8204.000000 1.62034050e-01
8206.000000 1.58344157e-01
8208.000000 1.54619349e-01
8210.000000 1.50769542e-01
8212.000000 1.46795436e-01
8214.000000 1.43060851e-01
8216.000000 1.39246659e-01
8218.000000 1.35535118e-01
8220.000000 1.31970224e-01
8222.000000 1.28551976e-01
8224.000000 1.25189592e-01
8226.000000 1.21746903e-01
8228.000000 1.18360777e-01
8230.000000 1.15119202e-01
8232.000000 1.11976788e-01
8234.000000 1.08978925e-01
8236.000000 1.05945448e-01
8238.000000 1.02966439e-01
8240.000000 1.00040502e-01
8242.000000 9.71243418e-02
8244.000000 9.43059454e-02
8246.000000 9.16286085e-02
8248.000000 8.91370232e-02
8250.000000 8.66084273e-02
8252.000000 8.41322049e-02
8254.000000 8.15323808e-02
8256.000000 7.90275275e-02
8258.000000 7.66190416e-02
8260.000000 7.43928157e-02
8262.000000 7.23488499e-02
8264.000000 7.02671750e-02
8266.000000 6.81049147e-02
8268.000000 6.61235877e-02
8270.000000 6.42352062e-02
8272.000000 6.23962654e-02
8274.000000 6.04765995e-02
8276.000000 5.85199927e-02
8278.000000 5.67850309e-02
8280.000000 5.52276505e-02
8282.000000 5.36323515e-02
8284.000000 5.21278334e-02
8286.000000 5.06709403e-02
8288.000000 4.92614628e-02
8290.000000 4.78991215e-02
8292.000000 4.66688314e-02
8294.000000 4.54425218e-02
8296.000000 4.41352774e-02
8298.000000 4.29169984e-02
8300.000000 4.18167344e-02
8302.000000 4.08045279e-02
8304.000000 3.98039134e-02
8306.000000 3.88738984e-02
8308.000000 3.80098043e-02
8310.000000 3.72156115e-02
8312.000000 3.64281225e-02
8314.000000 3.54759710e-02
8316.000000 3.45810813e-02
8318.000000 3.38682421e-02
8320.000000 3.32366168e-02
8322.000000 3.25655368e-02
8324.000000 3.18924317e-02
8326.000000 3.12380414e-02
8328.000000 3.06064161e-02
8330.000000 2.98860351e-02
8332.000000 2.92009888e-02
8334.000000 2.86208293e-02
8336.000000 2.80138546e-02
8338.000000 2.72408905e-02
8340.000000 2.65808438e-02
8342.000000 2.61066186e-02
8344.000000 2.56012486e-02
8346.000000 2.50162009e-02
8348.000000 2.43965168e-02
8350.000000 2.38680326e-02
8352.000000 2.33893381e-02
8354.000000 2.28829206e-02
8356.000000 2.23812517e-02
8358.000000 2.18600299e-02
8360.000000 2.14001201e-02
8362.000000 2.09811315e-02
8364.000000 2.05506208e-02
8366.000000 1.99716484e-02
8368.000000 1.94779403e-02
8370.000000 1.90775269e-02
8372.000000 1.86574908e-02
8374.000000 1.81898298e-02
8376.000000 1.77268474e-02
8378.000000 1.73527604e-02
8380.000000 1.69711317e-02
8382.000000 1.66061228e-02
8384.000000 1.62495636e-02
8386.000000 1.58855323e-02
8388.000000 1.55059985e-02
8390.000000 1.52068407e-02
8392.000000 1.49520258e-02
8394.000000 1.46576165e-02
8396.000000 1.43756372e-02
8398.000000 1.40223600e-02
8400.000000 1.37014148e-02
8402.000000 1.34366140e-02
8404.000000 1.31919945e-02
8406.000000 1.29556850e-02
8408.000000 1.27554084e-02
8410.000000 1.25117666e-02
8412.000000 1.22487116e-02
8414.000000 1.19781148e-02
8416.000000 1.17513722e-02
8418.000000 1.15407606e-02
8420.000000 1.13739333e-02
8422.000000 1.12033351e-02
8424.000000 1.09580872e-02
8426.000000 1.07328808e-02
8428.000000 1.05709417e-02
8430.000000 1.03502744e-02
8440.000000 9.25182609e-03
8450.000000 8.33312384e-03
8460.000000 7.62328738e-03
8470.000000 6.90716610e-03
8480.000000 6.35058868e-03
8490.000000 5.79822209e-03
8500.000000 5.36090976e-03
8510.000000 4.91086018e-03
8520.000000 4.55537632e-03
8530.000000 4.20276951e-03
8540.000000 3.90561584e-03
8550.000000 3.61578051e-03
8560.000000 3.38079077e-03
8570.000000 3.13038226e-03
8580.000000 2.92741023e-03
8590.000000 2.70677086e-03
8600.000000 2.53144509e-03
8610.000000 2.34932473e-03
8620.000000 2.21032527e-03
8630.000000 2.05891677e-03
8640.000000 1.94066424e-03
8650.000000 1.82418542e-03
8660.000000 1.72929149e-03
8670.000000 1.63985140e-03
8680.000000 1.54182902e-03
8690.000000 1.47081046e-03
8700.000000 1.38527395e-03
8710.000000 1.31328473e-03
8720.000000 1.24302733e-03
8730.000000 1.17924331e-03
8740.000000 1.11710730e-03
8750.000000 1.06431474e-03
8760.000000 1.01438527e-03
8770.000000 9.71571626e-04
8780.000000 9.29519141e-04
8790.000000 8.98004218e-04
8800.000000 8.54478289e-04
8810.000000 8.22041592e-04
8820.000000 7.78424882e-04
8830.000000 7.40380721e-04
8840.000000 6.96446279e-04
8850.000000 6.60231701e-04
8860.000000 6.23192414e-04
8870.000000 5.87826287e-04
8880.000000 5.51048868e-04
8890.000000 5.19289535e-04
8900.000000 4.90034357e-04
8910.000000 4.62940462e-04
8920.000000 4.34699934e-04
8930.000000 4.08299465e-04
8940.000000 3.84292119e-04
8950.000000 3.66983003e-04
8960.000000 3.46661359e-04
8970.000000 3.35458304e-04
8980.000000 3.19575146e-04
8990.000000 3.07547381e-04
9000.000000 2.91222190e-04
9010.000000 2.75501739e-04
9020.000000 2.57965671e-04
9030.000000 2.44086675e-04
9040.000000 2.27302691e-04
9050.000000 2.09000573e-04
