4950.000000 2.01982490e-04
4952.000000 2.82633631e-04
4954.000000 2.99777209e-04
4956.000000 3.47647642e-04
4958.000000 4.44042087e-04
4960.000000 4.93282335e-04
4962.000000 5.89426140e-04
4964.000000 6.68171375e-04
4966.000000 7.98835570e-04
4968.000000 9.57748072e-04
4970.000000 1.07224166e-03
4972.000000 1.29875725e-03
4974.000000 1.49451726e-03
4976.000000 1.72063252e-03
4978.000000 1.99981724e-03
4980.000000 2.35574296e-03
4982.000000 2.71668146e-03
4984.000000 3.09076114e-03
4986.000000 3.59975980e-03
4988.000000 4.10770543e-03
4990.000000 4.64957443e-03
4992.000000 5.40721981e-03
4994.000000 6.06329522e-03
4996.000000 6.92050023e-03
4998.000000 7.86348842e-03
5000.000000 8.79101178e-03
5002.000000 9.93786225e-03
5004.000000 1.12857466e-02
5006.000000 1.25392060e-02
5008.000000 1.39946565e-02
5010.000000 1.55951821e-02
5012.000000 1.73910849e-02
5014.000000 1.93751414e-02
5016.000000 2.15066228e-02
5018.000000 2.37613354e-02
5020.000000 2.61480689e-02
5022.000000 2.87595078e-02
5024.000000 3.16131447e-02
5026.000000 3.45596401e-02
5028.000000 3.78925382e-02
5030.000000 4.13536282e-02
5032.000000 4.49430839e-02
5034.000000 4.88891790e-02
5036.000000 5.29656415e-02
5038.000000 5.71986667e-02
5040.000000 6.19018154e-02
5042.000000 6.64250779e-02
5044.000000 7.14803405e-02
5046.000000 7.66194106e-02
5048.000000 8.20726507e-02
5050.000000 8.75167528e-02
5052.000000 9.33798061e-02
5054.000000 9.94308391e-02
5056.000000 1.05501018e-01
5058.000000 1.12190834e-01
5060.000000 1.17955546e-01
5062.000000 1.25287626e-01
5064.000000 1.32039232e-01
5066.000000 1.39243382e-01
5068.000000 1.46728630e-01
5070.000000 1.54237377e-01
5072.000000 1.61941935e-01
5074.000000 1.70104259e-01
5076.000000 1.78030738e-01
5078.000000 1.86241798e-01
5080.000000 1.94303170e-01
5082.000000 2.02737890e-01
5084.000000 2.11371904e-01
5086.000000 2.19944128e-01
5088.000000 2.28454563e-01
5090.000000 2.37605521e-01
5092.000000 2.46432736e-01
5094.000000 2.55373958e-01
5096.000000 2.63988826e-01
5098.000000 2.73071032e-01
5100.000000 2.81913912e-01
5102.000000 2.90782031e-01
5104.000000 3.00388143e-01
5106.000000 3.08685360e-01
5108.000000 3.18078255e-01
5110.000000 3.26604355e-01
5112.000000 3.35602144e-01
5114.000000 3.45163003e-01
5116.000000 3.53764816e-01
5118.000000 3.62840061e-01
5120.000000 3.71851774e-01
5122.000000 3.80618070e-01
5124.000000 3.90040555e-01
5126.000000 3.98496162e-01
5128.000000 4.07155414e-01
5130.000000 4.16111430e-01
5132.000000 4.24090996e-01
5134.000000 4.33184516e-01
5136.000000 4.41209336e-01
5138.000000 4.49621430e-01
5140.000000 4.58056150e-01
5142.000000 4.65967835e-01
5144.000000 4.74359041e-01
5146.000000 4.82222860e-01
5148.000000 4.90199816e-01
5150.000000 4.98382156e-01
5152.000000 5.05941378e-01
5154.000000 5.13705986e-01
5156.000000 5.21675979e-01
5158.000000 5.28462395e-01
5160.000000 5.35917184e-01
5162.000000 5.43204881e-01
5164.000000 5.50884201e-01
5166.000000 5.57744591e-01
5168.000000 5.64343898e-01
5170.000000 5.71520199e-01
5172.000000 5.78434546e-01
5174.000000 5.85834508e-01
5176.000000 5.91847249e-01
5178.000000 5.98625833e-01
5180.000000 6.04293074e-01
5182.000000 6.11195238e-01
5184.000000 6.17076567e-01
5186.000000 6.24201521e-01
5188.000000 6.29924460e-01
5190.000000 6.35851043e-01
5192.000000 6.41889893e-01
5194.000000 6.48610168e-01
5196.000000 6.53728265e-01
5198.000000 6.59620908e-01
5200.000000 6.65432614e-01
5202.000000 6.70776113e-01
5204.000000 6.76515587e-01
5206.000000 6.81789463e-01
5208.000000 6.87266983e-01
5210.000000 6.92949889e-01
5212.000000 6.97495344e-01
5214.000000 7.02918037e-01
5216.000000 7.07677580e-01
5218.000000 7.12834839e-01
5220.000000 7.17326336e-01
5222.000000 7.22501871e-01
5224.000000 7.27106504e-01
5226.000000 7.32597079e-01
5228.000000 7.37028528e-01
5230.000000 7.41957774e-01
5232.000000 7.46115956e-01
5234.000000 7.51163560e-01
5236.000000 7.54850922e-01
5238.000000 7.59036952e-01
5240.000000 7.64212487e-01
5242.000000 7.68220110e-01
5244.000000 7.72728143e-01
5246.000000 7.76161384e-01
5248.000000 7.80095034e-01
5250.000000 7.84728387e-01
5252.000000 7.88485371e-01
5254.000000 7.91854211e-01
5256.000000 7.96122048e-01
5258.000000 8.00200164e-01
5260.000000 8.03788314e-01
5262.000000 8.06876055e-01
5264.000000 8.10666980e-01
5266.000000 8.14365655e-01
5268.000000 8.18272327e-01
5270.000000 8.21784763e-01
5272.000000 8.24305954e-01
5274.000000 8.28237864e-01
5276.000000 8.30466642e-01
5278.000000 8.34109620e-01
5280.000000 8.37758690e-01
5282.000000 8.40101474e-01
5284.000000 8.43560824e-01
5286.000000 8.47229039e-01
5288.000000 8.48368231e-01
5290.000000 8.52961551e-01
5292.000000 8.55117226e-01
5294.000000 8.56868223e-01
5296.000000 8.60660888e-01
5298.000000 8.62622491e-01
5300.000000 8.65403895e-01
5302.000000 8.68395036e-01
5304.000000 8.71085931e-01
5306.000000 8.73061459e-01
5308.000000 8.75341584e-01
5310.000000 8.77317111e-01
5312.000000 8.79510208e-01
5314.000000 8.81807738e-01
5316.000000 8.83696239e-01
5318.000000 8.87142534e-01
5320.000000 8.88622004e-01
5322.000000 8.89675039e-01
5324.000000 8.93016901e-01
5326.000000 8.93243173e-01
5328.000000 8.96280438e-01
5330.000000 8.97960072e-01
5332.000000 8.99552678e-01
5334.000000 9.01763180e-01
5336.000000 9.03146920e-01
5338.000000 9.04730823e-01
5340.000000 9.06114563e-01
5342.000000 9.08029172e-01
5344.000000 9.08986476e-01
5346.000000 9.11109951e-01
5348.000000 9.12702557e-01
5350.000000 9.14094999e-01
5352.000000 9.14843437e-01
5354.000000 9.16749343e-01
5356.000000 9.17071345e-01
5358.000000 9.19090387e-01
5360.000000 9.21109429e-01
5362.000000 9.22179869e-01
5364.000000 9.22815171e-01
5366.000000 9.24520913e-01
5368.000000 9.25051781e-01
5370.000000 9.25469514e-01
5372.000000 9.26426818e-01
5374.000000 9.28872296e-01
5376.000000 9.29507598e-01
5378.000000 9.29377056e-01
5380.000000 9.32266374e-01
5382.000000 9.32684107e-01
5384.000000 9.34067847e-01
5386.000000 9.34372444e-01
5388.000000 9.35547317e-01
5390.000000 9.37905766e-01
5392.000000 9.38097227e-01
5394.000000 9.39367831e-01
5396.000000 9.40098863e-01
5398.000000 9.41151898e-01
5400.000000 9.43188345e-01
5402.000000 9.43266670e-01
5404.000000 9.43989000e-01
5406.000000 9.45703445e-01
5408.000000 9.47522323e-01
5410.000000 9.46712965e-01
5412.000000 9.48314274e-01
5414.000000 9.48819035e-01
5416.000000 9.50202774e-01
5418.000000 9.51255809e-01
5420.000000 9.52970254e-01
5422.000000 9.52474196e-01
5424.000000 9.54736915e-01
5426.000000 9.55224270e-01
5428.000000 9.56164169e-01
5430.000000 9.57434773e-01
5432.000000 9.58139697e-01
5434.000000 9.58296347e-01
5436.000000 9.60228361e-01
5438.000000 9.60385010e-01
5440.000000 9.61760047e-01
5442.000000 9.62360538e-01
5444.000000 9.64066280e-01
5446.000000 9.63091571e-01
5448.000000 9.65597967e-01
5450.000000 9.66633596e-01
5452.000000 9.67556089e-01
5454.000000 9.69383670e-01
5456.000000 9.69401076e-01
5458.000000 9.70210433e-01
5460.000000 9.70906654e-01
5462.000000 9.71489739e-01
5464.000000 9.73534889e-01
5466.000000 9.74117975e-01
5468.000000 9.74701060e-01
5470.000000 9.76415505e-01
5472.000000 9.78347519e-01
5474.000000 9.77320592e-01
5476.000000 9.79261309e-01
5478.000000 9.79600717e-01
5480.000000 9.79826989e-01
5482.000000 9.81532731e-01
5484.000000 9.82785929e-01
5486.000000 9.83577881e-01
5488.000000 9.83107932e-01
5490.000000 9.85744870e-01
5492.000000 9.85614328e-01
5494.000000 9.84900701e-01
5496.000000 9.87424504e-01
5498.000000 9.88216455e-01
5500.000000 9.88651593e-01
5502.000000 9.88895271e-01
5504.000000 9.90644527e-01
5506.000000 9.91114476e-01
5508.000000 9.89965711e-01
5510.000000 9.90783771e-01
5512.000000 9.92063078e-01
5514.000000 9.92411188e-01
5516.000000 9.93342384e-01
5518.000000 9.93690495e-01
5520.000000 9.94856665e-01
5522.000000 9.93559953e-01
5524.000000 9.94839260e-01
5526.000000 9.95770456e-01
5528.000000 9.95283101e-01
5530.000000 9.96562408e-01
5532.000000 9.96779977e-01
5534.000000 9.96397055e-01
5536.000000 9.97789498e-01
5538.000000 9.96692949e-01
5540.000000 9.97136790e-01
5542.000000 9.98276852e-01
5544.000000 9.99303779e-01
5546.000000 9.98668477e-01
5548.000000 9.97676362e-01
5550.000000 9.99051399e-01
5552.000000 9.97937445e-01
5554.000000 9.98485719e-01
5556.000000 9.99268968e-01
5558.000000 9.99817242e-01
5560.000000 1.00000000e+00
5562.000000 9.99103615e-01
5564.000000 9.99756323e-01
5566.000000 9.99930378e-01
5568.000000 9.98668477e-01
5570.000000 9.98833829e-01
5572.000000 9.97563226e-01
5574.000000 9.99408212e-01
5576.000000 9.98250744e-01
5578.000000 9.98163716e-01
5580.000000 9.97719875e-01
5582.000000 9.97632848e-01
5584.000000 9.97780795e-01
5586.000000 9.97319548e-01
5588.000000 9.97336954e-01
5590.000000 9.97354359e-01
5592.000000 9.97136790e-01
5594.000000 9.96901815e-01
5596.000000 9.97162898e-01
5598.000000 9.96562408e-01
5600.000000 9.96083755e-01
5602.000000 9.95796564e-01
5604.000000 9.95022018e-01
5606.000000 9.93507737e-01
5608.000000 9.93455520e-01
5610.000000 9.92550433e-01
5612.000000 9.91401667e-01
5614.000000 9.90252902e-01
5616.000000 9.90566202e-01
5618.000000 9.90017928e-01
5620.000000 9.88373105e-01
5622.000000 9.87328773e-01
5624.000000 9.86893635e-01
5626.000000 9.86092980e-01
5628.000000 9.85048648e-01
5630.000000 9.83751936e-01
5632.000000 9.81837328e-01
5634.000000 9.81767706e-01
5636.000000 9.80836510e-01
5638.000000 9.79652934e-01
5640.000000 9.77851461e-01
5642.000000 9.78512871e-01
5644.000000 9.77076915e-01
5646.000000 9.76633074e-01
5648.000000 9.74083164e-01
5650.000000 9.74614032e-01
5652.000000 9.73047535e-01
5654.000000 9.70497624e-01
5656.000000 9.71028493e-01
5658.000000 9.68957235e-01
5660.000000 9.68252311e-01
5662.000000 9.67164465e-01
5664.000000 9.66207161e-01
5666.000000 9.65249856e-01
5668.000000 9.63291734e-01
5670.000000 9.62821785e-01
5672.000000 9.61229179e-01
5674.000000 9.59506031e-01
5676.000000 9.59279759e-01
5678.000000 9.57800289e-01
5680.000000 9.55946600e-01
5682.000000 9.54719510e-01
5684.000000 9.52482899e-01
5686.000000 9.52369763e-01
5688.000000 9.49515256e-01
5690.000000 9.49019198e-01
5692.000000 9.46399666e-01
5694.000000 9.45659931e-01
5696.000000 9.43910675e-01
5698.000000 9.41160601e-01
5700.000000 9.43910675e-01
5702.000000 9.42030877e-01
5704.000000 9.40534002e-01
5706.000000 9.39646320e-01
5708.000000 9.36635163e-01
5710.000000 9.34372444e-01
5712.000000 9.32727621e-01
5714.000000 9.29951439e-01
5716.000000 9.28437157e-01
5718.000000 9.25025673e-01
5720.000000 9.21614189e-01
5722.000000 9.19325362e-01
5724.000000 9.16531774e-01
5726.000000 9.14364785e-01
5728.000000 9.11440656e-01
5730.000000 9.07628844e-01
5732.000000 9.04191252e-01
5734.000000 9.00753660e-01
5736.000000 8.97054984e-01
5738.000000 8.93599986e-01
5740.000000 8.88630707e-01
5742.000000 8.84401163e-01
5744.000000 8.80041077e-01
5746.000000 8.75298070e-01
5748.000000 8.69794441e-01
5750.000000 8.64152438e-01
5752.000000 8.58762815e-01
5754.000000 8.52478548e-01
5756.000000 8.44535533e-01
5758.000000 8.39507075e-01
5760.000000 8.32437819e-01
5762.000000 8.23452213e-01
5764.000000 8.17385515e-01
5766.000000 8.09272797e-01
5768.000000 8.00260213e-01
5770.000000 7.91492176e-01
5772.000000 7.81050598e-01
5774.000000 7.71746471e-01
5776.000000 7.61538997e-01
5778.000000 7.50298505e-01
5780.000000 7.39557551e-01
5782.000000 7.28041181e-01
5784.000000 7.15105390e-01
5786.000000 7.03948445e-01
5788.000000 6.91113606e-01
5790.000000 6.78522444e-01
5792.000000 6.65785076e-01
5794.000000 6.51495135e-01
5796.000000 6.36932797e-01
5798.000000 6.22998799e-01
5800.000000 6.08921205e-01
5802.000000 5.93289297e-01
5804.000000 5.78799192e-01
5806.000000 5.64551895e-01
5808.000000 5.47971385e-01
5810.000000 5.33048753e-01
5812.000000 5.17978173e-01
5814.000000 5.02247054e-01
5816.000000 4.87017214e-01
5818.000000 4.71125094e-01
5820.000000 4.55863053e-01
5822.000000 4.41234574e-01
5824.000000 4.25556542e-01
5826.000000 4.10896733e-01
5828.000000 3.95963657e-01
5830.000000 3.81014917e-01
5832.000000 3.66955598e-01
5834.000000 3.52623014e-01
5836.000000 3.38794319e-01
5838.000000 3.25600926e-01
5840.000000 3.12523280e-01
5842.000000 2.99953875e-01
5844.000000 2.87112074e-01
5846.000000 2.75817625e-01
5848.000000 2.63600682e-01
5850.000000 2.52542078e-01
5852.000000 2.41731502e-01
5854.000000 2.30389188e-01
5856.000000 2.20468905e-01
5858.000000 2.10929803e-01
5860.000000 2.01772753e-01
5862.000000 1.92868083e-01
5864.000000 1.83825040e-01
5866.000000 1.75425130e-01
5868.000000 1.67409013e-01
5870.000000 1.59516474e-01
5872.000000 1.52399353e-01
5874.000000 1.45276139e-01
5876.000000 1.38538458e-01
5878.000000 1.31925226e-01
5880.000000 1.25895079e-01
5882.000000 1.20173881e-01
5884.000000 1.14407429e-01
5886.000000 1.08989087e-01
5888.000000 1.04078116e-01
5890.000000 9.92150105e-02
5892.000000 9.44519868e-02
5894.000000 8.99865977e-02
5896.000000 8.55437488e-02
5898.000000 8.17016518e-02
5900.000000 7.79480619e-02
5902.000000 7.41775016e-02
5904.000000 7.06933493e-02
5906.000000 6.76014307e-02
5908.000000 6.42030007e-02
5910.000000 6.13028911e-02
5912.000000 5.84531704e-02
5914.000000 5.58385115e-02
5916.000000 5.33931213e-02
5918.000000 5.09056098e-02
5920.000000 4.86142586e-02
5922.000000 4.64791221e-02
5924.000000 4.43817555e-02
5926.000000 4.25208431e-02
5928.000000 4.06317338e-02
5930.000000 3.86079926e-02
5932.000000 3.68081736e-02
5934.000000 3.52190486e-02
5936.000000 3.36018137e-02
5938.000000 3.20096427e-02
5940.000000 3.32220250e-02
5950.000000 2.62763476e-02
5960.000000 2.15284667e-02
5970.000000 1.72134614e-02
5980.000000 1.42063078e-02
5990.000000 1.14500548e-02
6000.000000 9.52909335e-03
6010.000000 7.75213653e-03
6020.000000 6.49932118e-03
6030.000000 5.33878126e-03
6040.000000 4.50570901e-03
6050.000000 3.72608915e-03
6060.000000 3.16774581e-03
6070.000000 2.64405688e-03
6080.000000 2.26484257e-03
6090.000000 1.90428698e-03
6100.000000 1.63960107e-03
6110.000000 1.38961412e-03
6120.000000 1.20637739e-03
6130.000000 1.02830139e-03
6140.000000 8.97272553e-04
6150.000000 7.70112962e-04
6160.000000 6.76347623e-04
6170.000000 5.84554331e-04
6180.000000 5.15507458e-04
6190.000000 4.47498825e-04
6200.000000 3.96019355e-04
6210.000000 3.45592919e-04
6220.000000 3.08173638e-04
6230.000000 2.70196508e-04
6240.000000 2.41437349e-04
6250.000000 2.13211669e-04
