1140.000000 6.76518732e-04
1150.000000 1.76353314e-03
1160.000000 3.49342939e-03
1170.000000 5.78887608e-03
1180.000000 8.22547550e-03
1190.000000 1.01246110e-02
1200.000000 1.19298559e-02
1210.000000 1.55038617e-02
1216.000000 1.76411527e-02
1220.000000 1.92712392e-02
1230.000000 2.32357925e-02
1240.000000 2.92380403e-02
1250.000000 3.53357925e-02
1260.000000 4.14734870e-02
1270.000000 4.76810951e-02
1280.000000 5.38035159e-02
1290.000000 5.98167147e-02
1300.000000 6.70599424e-02
1310.000000 7.42443804e-02
1320.000000 8.13602305e-02
1330.000000 9.21020173e-02
1340.000000 1.02752738e-01
1350.000000 1.13310086e-01
1354.000000 1.20272046e-01
1360.000000 1.30571182e-01
1370.000000 1.47594236e-01
1380.000000 1.64474928e-01
1390.000000 1.99551585e-01
1400.000000 2.34462824e-01
1410.000000 2.69281844e-01
1420.000000 3.26478386e-01
1430.000000 3.83266859e-01
1440.000000 4.39442075e-01
1450.000000 5.10374063e-01
1460.000000 5.79700288e-01
1470.000000 6.46853026e-01
1480.000000 7.11066282e-01
1487.000000 7.53625360e-01
1490.000000 7.74357349e-01
1500.000000 8.40317003e-01
1510.000000 8.74397695e-01
1520.000000 9.04034582e-01
1530.000000 9.29688761e-01
1540.000000 9.34086455e-01
1545.000000 9.35602305e-01
1550.000000 9.29815562e-01
1560.000000 9.18000000e-01
1570.000000 8.85855908e-01
1580.000000 8.56178674e-01
1590.000000 8.29659942e-01
1600.000000 8.04697406e-01
1610.000000 7.83925072e-01
1620.000000 7.67463977e-01
1630.000000 7.57273775e-01
1640.000000 7.51417867e-01
1648.000000 7.50334294e-01
1650.000000 7.50755043e-01
1660.000000 7.55590778e-01
1670.000000 7.64708934e-01
1680.000000 7.77734870e-01
1690.000000 7.89233429e-01
1700.000000 8.03654179e-01
1710.000000 8.20622478e-01
1720.000000 8.40951009e-01
1730.000000 8.63210375e-01
1740.000000 8.87152738e-01
1750.000000 9.11262248e-01
1760.000000 9.28115274e-01
1770.000000 9.45533141e-01
1780.000000 9.58253602e-01
1790.000000 9.71204611e-01
1800.000000 9.84420749e-01
1810.000000 9.89400576e-01
1820.000000 9.94126801e-01
1830.000000 9.98518732e-01
1840.000000 9.99452450e-01
1850.000000 9.99786744e-01
1860.000000 9.99487032e-01
1870.000000 9.91861671e-01
1879.000000 9.84069164e-01
1880.000000 9.82720461e-01
1890.000000 9.68801153e-01
1900.000000 9.43112392e-01
1910.000000 9.15752161e-01
1920.000000 8.86599424e-01
1930.000000 8.61152738e-01
1940.000000 8.34023055e-01
1950.000000 8.05072046e-01
1960.000000 7.66051873e-01
1970.000000 7.24697406e-01
1980.000000 6.81008646e-01
1990.000000 6.50351585e-01
2000.000000 6.17861671e-01
2010.000000 5.85844380e-01
2020.000000 5.49341787e-01
2030.000000 5.10425360e-01
2040.000000 4.69066859e-01
2050.000000 4.28081268e-01
2060.000000 3.84680115e-01
2070.000000 3.38820749e-01
2080.000000 2.90512392e-01
2090.000000 2.39744092e-01
2100.000000 2.25646686e-01
2110.000000 2.09545821e-01
2120.000000 1.97610951e-01
2130.000000 1.83910086e-01
2138.000000 1.75370029e-01
2140.000000 1.73243804e-01
2150.000000 1.61727378e-01
2160.000000 1.52628818e-01
2170.000000 1.42661671e-01
2180.000000 1.34836311e-01
2190.000000 1.25761960e-01
2200.000000 1.18834006e-01
2210.000000 1.14488761e-01
2220.000000 1.11153314e-01
2230.000000 1.06904323e-01
2240.000000 1.03514121e-01
2250.000000 9.95723343e-02
2260.000000 9.64259366e-02
2270.000000 9.25446686e-02
2280.000000 8.96207493e-02
2290.000000 8.62144092e-02
2296.000000 8.45844380e-02
2300.000000 8.35020173e-02
2310.000000 8.01844380e-02
2320.000000 7.79025937e-02
2330.000000 7.50708934e-02
2340.000000 7.29187320e-02
2350.000000 7.02023055e-02
2360.000000 6.81279539e-02
2370.000000 6.56731988e-02
2380.000000 6.38334294e-02
2390.000000 6.16011527e-02
2400.000000 5.98213256e-02
2410.000000 5.77429395e-02
2420.000000 5.61505476e-02
2430.000000 5.42248991e-02
2440.000000 5.27183285e-02
2450.000000 5.10799424e-02
2460.000000 4.96545245e-02
2470.000000 4.80513545e-02
2480.000000 4.68028818e-02
2490.000000 4.53695101e-02
2500.000000 4.42799424e-02
2510.000000 4.29513545e-02
2520.000000 4.19042651e-02
2530.000000 4.06817291e-02
2537.000000 4.00547550e-02
2540.000000 3.96832277e-02
2550.000000 3.83003458e-02
2560.000000 3.71579251e-02
2570.000000 3.59079539e-02
2580.000000 3.48171182e-02
2590.000000 3.36661095e-02
2600.000000 3.27687608e-02
2610.000000 3.17681268e-02
2620.000000 3.09367723e-02
2630.000000 3.00240922e-02
2640.000000 2.92140058e-02
2650.000000 2.83434582e-02
2660.000000 2.76709510e-02
2670.000000 2.69395965e-02
2680.000000 2.63137176e-02
2690.000000 2.56772911e-02
2700.000000 2.50767147e-02
2710.000000 2.45733718e-02
2720.000000 2.42236888e-02
2730.000000 2.37087608e-02
2740.000000 2.33515850e-02
2750.000000 2.29021326e-02
2760.000000 2.23789049e-02
2770.000000 2.17993660e-02
2780.000000 2.12932565e-02
2790.000000 2.07042075e-02
2800.000000 2.02401153e-02
2810.000000 1.96672046e-02
2820.000000 1.91940058e-02
2830.000000 1.87426513e-02
2840.000000 1.82614986e-02
2850.000000 1.78286455e-02
2860.000000 1.73663401e-02
2870.000000 1.69536599e-02
2880.000000 1.65906628e-02
2890.000000 1.61189625e-02
2900.000000 1.58307205e-02
2910.000000 1.52998271e-02
2920.000000 1.48512392e-02
2930.000000 1.44055908e-02
2940.000000 1.39624784e-02
2950.000000 1.35750432e-02
2960.000000 1.31895101e-02
2970.000000 1.27558501e-02
2980.000000 1.23764841e-02
2990.000000 1.19744669e-02
3000.000000 1.16265130e-02
3010.000000 1.12560231e-02
3020.000000 1.10137752e-02
3030.000000 1.06489914e-02
3040.000000 1.02872622e-02
3050.000000 1.00270317e-02
3060.000000 9.72000000e-03
3070.000000 9.46432277e-03
3080.000000 9.21095101e-03
3090.000000 8.88783862e-03
3100.000000 8.63925072e-03
3110.000000 8.47129683e-03
3120.000000 8.37314121e-03
3130.000000 8.20115274e-03
3140.000000 8.05100865e-03
3150.000000 7.92351585e-03
3160.000000 7.79412104e-03
3170.000000 7.63838617e-03
3180.000000 7.52991354e-03
3190.000000 7.39544669e-03
3200.000000 7.30904899e-03
3210.000000 7.17112392e-03
3220.000000 7.10760807e-03
3230.000000 6.94121037e-03
3240.000000 6.87510086e-03
3250.000000 6.75682997e-03
3260.000000 6.63688761e-03
3270.000000 6.56737752e-03
3280.000000 6.47106628e-03
3290.000000 6.37331412e-03
3300.000000 6.27446686e-03
3310.000000 6.17440922e-03
3320.000000 6.12645533e-03
3330.000000 5.99740634e-03
3340.000000 5.97463977e-03
3350.000000 5.87037464e-03
3360.000000 5.81913545e-03
3370.000000 5.71257061e-03
3380.000000 5.60487608e-03
3390.000000 5.52351585e-03
3400.000000 5.55235159e-03
3410.000000 5.44178674e-03
3420.000000 5.38600576e-03
3430.000000 5.30146398e-03
3440.000000 5.24438040e-03
3450.000000 5.18654179e-03
3460.000000 5.09945821e-03
3470.000000 5.04009798e-03
3480.000000 4.98012680e-03
3490.000000 4.91953314e-03
3500.000000 4.88741787e-03
3510.000000 4.79612680e-03
3520.000000 4.73344669e-03
3530.000000 4.69968300e-03
3540.000000 4.63580403e-03
3550.000000 4.60100288e-03
3560.000000 4.53558501e-03
3570.000000 4.46944669e-03
3580.000000 4.40241499e-03
3590.000000 4.36538329e-03
3600.000000 4.32778674e-03
3610.000000 4.28974640e-03
3620.000000 4.25100865e-03
3630.000000 4.21194813e-03
3640.000000 4.14055331e-03
3650.000000 4.09999424e-03
3660.000000 4.05895677e-03
3670.000000 4.01730259e-03
3680.000000 3.97503746e-03
3690.000000 3.93213256e-03
3700.000000 3.88861095e-03
3710.000000 3.87730259e-03
3720.000000 3.83267435e-03
3730.000000 3.78740058e-03
3740.000000 3.74146974e-03
3750.000000 3.72846686e-03
3760.000000 3.68139481e-03
3770.000000 3.66750432e-03
3780.000000 3.61926801e-03
3790.000000 3.57024207e-03
3800.000000 3.55494524e-03
3810.000000 3.50473775e-03
3820.000000 3.48862248e-03
3830.000000 3.47207493e-03
3840.000000 3.41994813e-03
3850.000000 3.40256484e-03
3860.000000 3.38474352e-03
3870.000000 3.33068012e-03
3880.000000 3.31190202e-03
3890.000000 3.29269741e-03
3900.000000 3.27314121e-03
3910.000000 3.21659942e-03
3920.000000 3.19598271e-03
3930.000000 3.17491643e-03
3940.000000 3.15350432e-03
3950.000000 3.13155620e-03
3960.000000 3.07179251e-03
3970.000000 3.08640922e-03
3980.000000 3.02539481e-03
3990.000000 3.03956772e-03
4000.000000 2.97721614e-03
4010.000000 2.97602882e-03
4020.000000 2.93656484e-03
4030.000000 2.89699135e-03
4040.000000 2.85733141e-03
4050.000000 2.81757925e-03
4060.000000 2.77774063e-03
4070.000000 2.73783285e-03
4080.000000 2.69785014e-03
4090.000000 2.65780403e-03
4100.000000 2.61778674e-03
4110.000000 2.61554467e-03
4120.000000 2.57539481e-03
4130.000000 2.53512968e-03
4140.000000 2.49489914e-03
4150.000000 2.49248415e-03
4160.000000 2.45215562e-03
4170.000000 2.41189049e-03
4180.000000 2.40924496e-03
4190.000000 2.36897406e-03
4200.000000 2.32869741e-03
4210.000000 2.29675504e-03
4220.000000 2.30236888e-03
4230.000000 2.27006340e-03
4240.000000 2.23757349e-03
4250.000000 2.24284150e-03
4260.000000 2.21000000e-03
4270.000000 2.17690490e-03
4280.000000 2.18191354e-03
4290.000000 2.14847839e-03
4300.000000 2.15331412e-03
4310.000000 2.11954467e-03
4320.000000 2.08560231e-03
4330.000000 2.09019020e-03
4340.000000 2.05597695e-03
4350.000000 2.06040922e-03
4360.000000 2.02581556e-03
4370.000000 2.03014986e-03
4380.000000 1.99530259e-03
4390.000000 1.99948703e-03
4400.000000 1.96432277e-03
4410.000000 1.96842075e-03
4420.000000 1.93300288e-03
4430.000000 1.93695677e-03
4440.000000 1.90123343e-03
4450.000000 1.90509510e-03
4460.000000 1.86912968e-03
4470.000000 1.87284726e-03
4480.000000 1.83663977e-03
4490.000000 1.84027666e-03
4500.000000 1.80382709e-03
4510.000000 1.82190202e-03
4520.000000 1.83993660e-03
4530.000000 1.81673775e-03
4540.000000 1.83438040e-03
4550.000000 1.80994236e-03
4560.000000 1.82725648e-03
4570.000000 1.84452450e-03
4580.000000 1.81849568e-03
4590.000000 1.83537752e-03
4600.000000 1.80816138e-03
4610.000000 1.82465130e-03
4620.000000 1.84114697e-03
4630.000000 1.81229395e-03
4640.000000 1.82840346e-03
4650.000000 1.84451873e-03
4660.000000 1.81412104e-03
4670.000000 1.82979251e-03
4680.000000 1.84552738e-03
4690.000000 1.81354467e-03
4700.000000 1.82882997e-03
4710.000000 1.84417867e-03
4720.000000 1.81054179e-03
4730.000000 1.82549856e-03
4740.000000 1.84040922e-03
4750.000000 1.80522767e-03
4760.000000 1.81974640e-03
4770.000000 1.83431700e-03
4780.000000 1.79754467e-03
4790.000000 1.81167147e-03
4800.000000 1.82586167e-03
4810.000000 1.84005187e-03
4820.000000 1.80122190e-03
4830.000000 1.81502017e-03
4840.000000 1.82882421e-03
4850.000000 1.84263977e-03
4860.000000 1.80179827e-03
4870.000000 1.81521037e-03
4880.000000 1.82863401e-03
4890.000000 1.84205764e-03
4900.000000 1.79926225e-03
4910.000000 1.81234582e-03
4920.000000 1.82537752e-03
4930.000000 1.83841499e-03
4940.000000 1.79360231e-03
4950.000000 1.80629971e-03
4960.000000 1.81899712e-03
4970.000000 1.83164841e-03
4980.000000 1.78486455e-03
4990.000000 1.79717579e-03
5000.000000 1.80948703e-03
5010.000000 1.82433429e-03
5020.000000 1.83919308e-03
5030.000000 1.85411527e-03
5040.000000 1.80668588e-03
5050.000000 1.82112392e-03
5060.000000 1.83551009e-03
5070.000000 1.84995965e-03
5080.000000 1.80013256e-03
5090.000000 1.81404035e-03
5100.000000 1.82801153e-03
5110.000000 1.84199424e-03
5120.000000 1.85597695e-03
5130.000000 1.80318732e-03
5140.000000 1.81663401e-03
5150.000000 1.83013833e-03
5160.000000 1.84365418e-03
5170.000000 1.85717579e-03
5180.000000 1.87070317e-03
5190.000000 1.81439193e-03
5200.000000 1.82742939e-03
5210.000000 1.84042075e-03
5220.000000 1.85346398e-03
5230.000000 1.86646686e-03
5240.000000 1.87947550e-03
5250.000000 1.81969452e-03
5260.000000 1.83226513e-03
5270.000000 1.84473199e-03
5280.000000 1.85725648e-03
5290.000000 1.86978674e-03
5300.000000 1.88227089e-03
5310.000000 1.81896254e-03
5320.000000 1.83100865e-03
5330.000000 1.84294524e-03
5340.000000 1.85493948e-03
5350.000000 1.86693948e-03
5360.000000 1.87888761e-03
5370.000000 1.89084150e-03
5380.000000 1.82345821e-03
5390.000000 1.83491643e-03
5400.000000 1.84632277e-03
5410.000000 1.85772911e-03
5420.000000 1.86914121e-03
5430.000000 1.88050144e-03
5440.000000 1.89185591e-03
5450.000000 1.90321614e-03
5460.000000 1.91451873e-03
5470.000000 1.84209222e-03
5480.000000 1.85284726e-03
5490.000000 1.86360231e-03
5500.000000 1.87435735e-03
5510.000000 1.88434582e-03
5520.000000 1.89431700e-03
5530.000000 1.90428818e-03
5540.000000 1.91418444e-03
5550.000000 1.83656484e-03
5560.000000 1.84599424e-03
5570.000000 1.85536023e-03
5580.000000 1.86472046e-03
5590.000000 1.87401153e-03
5600.000000 1.88329107e-03
5610.000000 1.88862824e-03
5620.000000 1.89395389e-03
5630.000000 1.89922190e-03
5640.000000 1.81379251e-03
5650.000000 1.81878963e-03
5660.000000 1.82378098e-03
5670.000000 1.82876657e-03
5680.000000 1.83368876e-03
5690.000000 1.83859942e-03
5700.000000 1.84350432e-03
5710.000000 1.84840346e-03
5720.000000 1.85329107e-03
5730.000000 1.85816715e-03
5740.000000 1.86304323e-03
5750.000000 1.77445533e-03
5760.000000 1.77906628e-03
5770.000000 1.78366571e-03
5780.000000 1.78820749e-03
5790.000000 1.79278963e-03
5800.000000 1.79731412e-03
5810.000000 1.80187896e-03
5820.000000 1.80638040e-03
5830.000000 1.81092795e-03
5840.000000 1.81541210e-03
5850.000000 1.81994236e-03
5860.000000 1.82440346e-03
5870.000000 1.82891643e-03
5880.000000 1.73691643e-03
5890.000000 1.74117003e-03
5900.000000 1.74541787e-03
5910.000000 1.74964841e-03
5920.000000 1.75392507e-03
5930.000000 1.75813833e-03
5940.000000 1.76239193e-03
5950.000000 1.76663401e-03
5960.000000 1.77086455e-03
5970.000000 1.77514121e-03
5980.000000 1.77935447e-03
5990.000000 1.78360807e-03
6000.000000 1.78785014e-03
6010.000000 1.78844380e-03
6020.000000 1.78908357e-03
6030.000000 1.78971758e-03
6040.000000 1.79034006e-03
6050.000000 1.69145821e-03
6060.000000 1.69208646e-03
6070.000000 1.69265706e-03
6080.000000 1.69327378e-03
6090.000000 1.69388473e-03
6100.000000 1.69448991e-03
6110.000000 1.69508357e-03
6120.000000 1.69567723e-03
6130.000000 1.69626513e-03
6140.000000 1.69684726e-03
6150.000000 1.69747550e-03
6160.000000 1.69804611e-03
6170.000000 1.69861671e-03
6180.000000 1.69917579e-03
6190.000000 1.69973487e-03
6200.000000 1.70028818e-03
6210.000000 1.70083573e-03
6220.000000 1.70133141e-03
6230.000000 1.70187320e-03
6240.000000 1.70235735e-03
6250.000000 1.70288761e-03
6260.000000 1.70336599e-03
6270.000000 1.70378674e-03
6280.000000 1.70425360e-03
6290.000000 1.60439769e-03
6300.000000 1.60478386e-03
6310.000000 1.60516427e-03
6320.000000 1.60549856e-03
6330.000000 1.60582709e-03
6340.000000 1.60614986e-03
6350.000000 1.60642075e-03
6360.000000 1.60669164e-03
6370.000000 1.60691066e-03
6380.000000 1.60712392e-03
6390.000000 1.60733718e-03
6400.000000 1.60749856e-03
6410.000000 1.60760231e-03
6420.000000 1.60771182e-03
6430.000000 1.60776369e-03
6440.000000 1.60781556e-03
6450.000000 1.60781556e-03
6460.000000 1.60781556e-03
6470.000000 1.60771182e-03
6480.000000 1.60760807e-03
6490.000000 1.60749856e-03
6500.000000 1.60729107e-03
6510.000000 1.60307205e-03
6520.000000 1.59880692e-03
6530.000000 1.59450144e-03
6540.000000 1.59014986e-03
6550.000000 1.58580403e-03
6560.000000 1.58141787e-03
6570.000000 1.57703746e-03
6580.000000 1.57256484e-03
6590.000000 1.56814409e-03
6600.000000 1.56368300e-03
6610.000000 1.55918156e-03
6620.000000 1.55463401e-03
6630.000000 1.55014409e-03
6640.000000 1.54556772e-03
6650.000000 1.54104323e-03
6660.000000 1.53643228e-03
6670.000000 1.53187896e-03
6680.000000 1.52728530e-03
6690.000000 1.52269164e-03
6700.000000 1.51806916e-03
6710.000000 1.51344669e-03
6720.000000 1.50883573e-03
6730.000000 1.50423055e-03
6740.000000 1.49959078e-03
6750.000000 1.49495677e-03
6760.000000 1.49033429e-03
6770.000000 1.48567147e-03
6780.000000 1.48106052e-03
6790.000000 1.47641499e-03
6800.000000 1.47177522e-03
6810.000000 1.46715274e-03
6820.000000 1.46253026e-03
6830.000000 1.45791931e-03
6840.000000 1.45331988e-03
6850.000000 1.44872622e-03
6860.000000 1.44414409e-03
6870.000000 1.43952161e-03
6880.000000 1.43495677e-03
6890.000000 1.43040346e-03
6900.000000 1.42585591e-03
6910.000000 1.42127378e-03
6920.000000 1.41674352e-03
6930.000000 1.41222478e-03
6940.000000 1.40775793e-03
6950.000000 1.40325648e-03
6960.000000 1.39876081e-03
6970.000000 1.39432277e-03
6980.000000 1.47676081e-03
6990.000000 1.47206340e-03
7000.000000 1.46737752e-03
7010.000000 1.46034582e-03
7020.000000 1.45329683e-03
7030.000000 1.44631700e-03
7040.000000 1.43940634e-03
7050.000000 1.43247262e-03
7060.000000 1.42561383e-03
7070.000000 1.41877810e-03
7080.000000 1.41196542e-03
7090.000000 1.40517579e-03
7100.000000 1.39845533e-03
7110.000000 1.39175793e-03
7120.000000 1.38508357e-03
7130.000000 1.37843804e-03
7140.000000 1.37185014e-03
7150.000000 1.44555620e-03
7160.000000 1.35870893e-03
7170.000000 1.35219597e-03
7180.000000 1.42491066e-03
7190.000000 1.41805764e-03
7200.000000 1.41127954e-03
7210.000000 1.40451873e-03
7220.000000 1.39778098e-03
7230.000000 1.39111816e-03
7240.000000 1.38442651e-03
7250.000000 1.37780403e-03
7260.000000 1.37120461e-03
7270.000000 1.36462824e-03
7280.000000 1.43356772e-03
7290.000000 1.42667435e-03
7300.000000 1.41985014e-03
7310.000000 1.41304899e-03
7320.000000 1.40631700e-03
7330.000000 1.39956196e-03
7340.000000 1.39287032e-03
7350.000000 1.38620749e-03
7360.000000 1.37956196e-03
7370.000000 1.44525072e-03
7380.000000 1.43830548e-03
7390.000000 1.43142939e-03
7400.000000 1.42457637e-03
7410.000000 1.41779251e-03
7420.000000 1.41099135e-03
7430.000000 1.40425360e-03
7440.000000 1.39758501e-03
7450.000000 1.46043804e-03
7460.000000 1.45348127e-03
7470.000000 1.44654755e-03
7480.000000 1.43964265e-03
7490.000000 1.43275504e-03
7500.000000 1.42594236e-03
7510.000000 1.48673199e-03
7520.000000 1.47964841e-03
7530.000000 1.47257637e-03
7540.000000 1.46552738e-03
7550.000000 1.45848991e-03
7560.000000 1.51745245e-03
7570.000000 1.51013833e-03
7580.000000 1.50284726e-03
7590.000000 1.49557349e-03
7600.000000 1.48832277e-03
7610.000000 1.54548127e-03
7620.000000 1.53794813e-03
7630.000000 1.53044380e-03
7640.000000 1.52295677e-03
7650.000000 1.51549280e-03
7660.000000 1.57088184e-03
7670.000000 1.56315274e-03
7680.000000 1.55544092e-03
7690.000000 1.54775216e-03
7700.000000 1.60168876e-03
7710.000000 1.59374063e-03
7720.000000 1.58581556e-03
7730.000000 1.57791354e-03
7740.000000 1.63041499e-03
7750.000000 1.62225937e-03
7760.000000 1.61412104e-03
7770.000000 1.66549856e-03
7780.000000 1.65711239e-03
7790.000000 1.64875504e-03
7800.000000 1.69900865e-03
7810.000000 1.69040346e-03
7820.000000 1.68182709e-03
7830.000000 1.73097406e-03
7840.000000 1.72216138e-03
7850.000000 1.71337176e-03
7860.000000 1.76143516e-03
7870.000000 1.75240922e-03
7880.000000 1.79965994e-03
7890.000000 1.79040922e-03
7900.000000 1.78118732e-03
7910.000000 1.77200000e-03
7920.000000 1.81793084e-03
7930.000000 1.80852450e-03
7940.000000 1.85366571e-03
7950.000000 1.84403458e-03
7960.000000 1.83444380e-03
7970.000000 1.87855908e-03
7980.000000 1.86875504e-03
7990.000000 1.85899135e-03
8000.000000 1.32089914e-03
8010.000000 2.15029395e-03
8020.000000 1.76996542e-03
8030.000000 1.60179251e-03
8040.000000 2.15396542e-03
8050.000000 1.93421326e-03
8060.000000 2.32378674e-03
8070.000000 2.50674928e-03
8080.000000 2.18918732e-03
8090.000000 1.92561383e-03
8100.000000 2.20484150e-03
8110.000000 2.23650144e-03
8120.000000 2.12273199e-03
8130.000000 1.86691066e-03
8140.000000 1.89985014e-03
8150.000000 1.79072622e-03
8160.000000 1.77663977e-03
8170.000000 2.55114121e-03
8180.000000 2.16276657e-03
8190.000000 2.32812104e-03
8200.000000 1.99248415e-03
8210.000000 2.24597118e-03
8220.000000 2.36148703e-03
8230.000000 2.43069741e-03
8240.000000 2.23553314e-03
8250.000000 1.95635735e-03
8260.000000 1.98336023e-03
8270.000000 2.39454179e-03
8280.000000 1.95058790e-03
8290.000000 2.39684150e-03
8300.000000 2.29331988e-03
8310.000000 2.23262248e-03
8320.000000 2.25468588e-03
8330.000000 2.03224784e-03
8340.000000 2.01484726e-03
8350.000000 2.43695677e-03
8360.000000 2.10975793e-03
8370.000000 2.06243228e-03
8380.000000 2.21291643e-03
8390.000000 2.08657637e-03
8400.000000 2.31404611e-03
8410.000000 2.69594236e-03
8420.000000 2.49093372e-03
8430.000000 2.01598271e-03
8440.000000 2.39417291e-03
8450.000000 2.42305476e-03
8460.000000 2.06849568e-03
8470.000000 2.17446686e-03
8480.000000 2.31741210e-03
8490.000000 2.11853026e-03
8500.000000 2.52390202e-03
8510.000000 2.43759654e-03
8520.000000 2.16522190e-03
8530.000000 2.26676657e-03
8540.000000 2.66310086e-03
8550.000000 2.39288184e-03
8560.000000 2.41813256e-03
8570.000000 2.04186167e-03
8580.000000 1.88676657e-03
8590.000000 2.45512392e-03
8600.000000 2.29915274e-03
8610.000000 2.00157925e-03
8620.000000 2.02688184e-03
8630.000000 2.26398847e-03
8640.000000 2.25209798e-03
8650.000000 1.89009798e-03
8660.000000 2.26244957e-03
8670.000000 2.21508357e-03
8680.000000 2.34010375e-03
8690.000000 2.66873775e-03
8700.000000 2.51708357e-03
8710.000000 2.09643228e-03
8720.000000 1.98304323e-03
8730.000000 2.30509510e-03
8740.000000 1.85931988e-03
8750.000000 2.44169452e-03
8760.000000 2.19681844e-03
8770.000000 1.92219597e-03
8780.000000 2.10401729e-03
8790.000000 1.92948703e-03
8800.000000 2.23617867e-03
8810.000000 2.18947550e-03
8820.000000 2.14310663e-03
8830.000000 1.97188473e-03
8840.000000 2.14465706e-03
8850.000000 2.06780980e-03
8860.000000 2.05304899e-03
8870.000000 2.19029971e-03
8880.000000 2.08364841e-03
8890.000000 1.82838617e-03
8900.000000 2.05260519e-03
8910.000000 1.97790778e-03
8920.000000 1.66969452e-03
8930.000000 1.97630548e-03
8940.000000 1.90294524e-03
8950.000000 1.83042075e-03
8960.000000 1.70171182e-03
8970.000000 1.63108357e-03
8980.000000 1.86803458e-03
8990.000000 1.96236311e-03
9000.000000 1.67112968e-03
9010.000000 1.71198271e-03
9020.000000 1.48235735e-03
9030.000000 1.52352161e-03
9040.000000 1.85526801e-03
9050.000000 1.94457061e-03
9060.000000 1.58911816e-03
9070.000000 1.73014409e-03
9080.000000 1.86834582e-03
9090.000000 1.77544092e-03
9100.000000 1.50791931e-03
9110.000000 1.41926225e-03
9120.000000 1.50459366e-03
9130.000000 1.63684726e-03
9140.000000 1.52424784e-03
9150.000000 1.50929683e-03
9160.000000 1.44684150e-03
9170.000000 1.52613833e-03
9180.000000 1.48725072e-03
9190.000000 1.40277810e-03
9200.000000 1.54722190e-03
9210.000000 1.37304899e-03
9220.000000 1.51391931e-03
9230.000000 1.07882997e-03
9240.000000 1.30614986e-03
9250.000000 1.09752738e-03
9260.000000 1.12713545e-03
9270.000000 1.21870317e-03
9280.000000 1.20387320e-03
9290.000000 1.16847839e-03
9300.000000 1.21450720e-03
9310.000000 1.13902017e-03
9320.000000 1.16364265e-03
9330.000000 1.18715274e-03
9340.000000 1.11355620e-03
9350.000000 1.15508357e-03
9360.000000 1.21363689e-03
9370.000000 1.12274928e-03
9380.000000 1.01578098e-03
9390.000000 1.09013833e-03
9400.000000 1.02092219e-03
9410.000000 9.70593660e-04
9420.000000 9.38345821e-04
9430.000000 8.73002882e-04
9440.000000 9.90904899e-04
9450.000000 9.25706052e-04
9460.000000 8.94028818e-04
9470.000000 7.84397695e-04
9480.000000 8.16731988e-04
9490.000000 9.68380403e-04
9500.000000 7.57383285e-04
9510.000000 7.75631124e-04
9520.000000 7.49780980e-04
9530.000000 8.23821326e-04
9540.000000 7.13452450e-04
9550.000000 7.43867435e-04
9560.000000 6.91659942e-04
9570.000000 7.20858790e-04
9580.000000 6.69988473e-04
9590.000000 7.49671470e-04
9600.000000 7.24714697e-04
9610.000000 6.12691643e-04
9620.000000 7.86818444e-04
9630.000000 5.55897983e-04
9640.000000 5.81925072e-04
9650.000000 6.41740634e-04
9660.000000 6.30328530e-04
9670.000000 6.97729107e-04
9680.000000 6.51798271e-04
9690.000000 5.52928530e-04
9700.000000 5.53107781e-04
9710.000000 5.11180980e-04
9720.000000 5.93250720e-04
9730.000000 5.11288761e-04
9740.000000 4.71489914e-04
9750.000000 4.90659366e-04
9760.000000 4.98970605e-04
9770.000000 4.69664553e-04
9780.000000 4.68234582e-04
9790.000000 4.13634006e-04
9800.000000 4.04095101e-04
9810.000000 4.61760231e-04
9820.000000 4.91660519e-04
9830.000000 3.35742939e-04
9840.000000 3.19564265e-04
9850.000000 4.10155043e-04
9860.000000 3.03298559e-04
9870.000000 3.60021902e-04
9880.000000 2.73163689e-04
9890.000000 3.26823055e-04
9900.000000 2.97642651e-04
9910.000000 3.40292795e-04
9920.000000 2.61568300e-04
9930.000000 2.83686455e-04
9940.000000 2.63016715e-04
9950.000000 2.48804035e-04
9960.000000 2.51404611e-04
9970.000000 2.58567723e-04
9980.000000 2.13752738e-04
9990.000000 2.05912968e-04
