1160.000000 2.18454532e-04
1170.000000 3.61995941e-04
1180.000000 5.14365625e-04
1190.000000 6.33122123e-04
1200.000000 7.46012574e-04
1210.000000 8.43294886e-04
1216.000000 8.90035147e-04
1220.000000 9.27483788e-04
1230.000000 1.00278204e-03
1240.000000 1.06219989e-03
1250.000000 1.10838077e-03
1260.000000 1.14456710e-03
1270.000000 1.17225880e-03
1280.000000 1.19261918e-03
1290.000000 1.20711846e-03
1300.000000 1.21730112e-03
1310.000000 1.22466215e-03
1320.000000 1.22974110e-03
1330.000000 1.23293401e-03
1340.000000 1.23438444e-03
1350.000000 1.23453789e-03
1354.000000 1.23422603e-03
1360.000000 1.23245879e-03
1370.000000 1.22888966e-03
1380.000000 1.22501361e-03
1390.000000 1.22109302e-03
1400.000000 1.21749913e-03
1410.000000 1.21443493e-03
1420.000000 1.21151923e-03
1430.000000 1.20819266e-03
1440.000000 1.20405920e-03
1450.000000 1.19855453e-03
1460.000000 1.19112915e-03
1470.000000 1.18139201e-03
1480.000000 1.16876392e-03
1487.000000 1.15765556e-03
1490.000000 1.15705163e-03
1500.000000 1.15095292e-03
1510.000000 1.13463690e-03
1520.000000 1.11446958e-03
1530.000000 1.09155487e-03
1540.000000 1.06679372e-03
1545.000000 1.05415078e-03
1550.000000 1.03371615e-03
1560.000000 9.94178506e-04
1570.000000 9.56883323e-04
1580.000000 9.22434533e-04
1590.000000 8.91554874e-04
1600.000000 8.64729469e-04
1610.000000 8.42408792e-04
1620.000000 8.24721548e-04
1630.000000 8.11702391e-04
1640.000000 8.03381021e-04
1648.000000 8.00598980e-04
1650.000000 8.00638582e-04
1660.000000 8.05796743e-04
1670.000000 8.15528934e-04
1680.000000 8.29414385e-04
1690.000000 8.47071927e-04
1700.000000 8.68100589e-04
1710.000000 8.92178605e-04
1720.000000 9.19048562e-04
1730.000000 9.48319390e-04
1740.000000 9.79758428e-04
1750.000000 1.01306371e-03
1760.000000 1.03868620e-03
1770.000000 1.06529380e-03
1780.000000 1.09290134e-03
1790.000000 1.12146428e-03
1800.000000 1.15105688e-03
1810.000000 1.18157517e-03
1820.000000 1.21310331e-03
1830.000000 1.24563140e-03
1840.000000 1.27917925e-03
1850.000000 1.31372704e-03
1860.000000 1.34930449e-03
1870.000000 1.38595119e-03
1879.000000 1.41985050e-03
1880.000000 1.42305331e-03
1890.000000 1.45577447e-03
1900.000000 1.48920846e-03
1910.000000 1.52343448e-03
1920.000000 1.55838325e-03
1930.000000 1.59397555e-03
1940.000000 1.63026088e-03
1950.000000 1.66710064e-03
1960.000000 1.70460868e-03
1970.000000 1.74255235e-03
1980.000000 1.78106034e-03
1990.000000 1.81996931e-03
2000.000000 1.85924459e-03
2010.000000 1.90644523e-03
2020.000000 1.95432404e-03
2030.000000 2.00257413e-03
2040.000000 2.05121529e-03
2050.000000 2.10007425e-03
2060.000000 2.14900252e-03
2070.000000 2.19775259e-03
2080.000000 2.24628979e-03
2090.000000 2.29436167e-03
2100.000000 2.34177021e-03
2110.000000 2.38838671e-03
2120.000000 2.43396367e-03
2130.000000 2.47812980e-03
2138.000000 2.51222217e-03
2140.000000 2.52156329e-03
2150.000000 2.56623434e-03
2160.000000 2.60883620e-03
2170.000000 2.64915598e-03
2180.000000 2.68669373e-03
2190.000000 2.72131578e-03
2200.000000 2.75260631e-03
2210.000000 2.86269492e-03
2220.000000 2.97185783e-03
2230.000000 3.07988218e-03
2240.000000 3.18659472e-03
2250.000000 3.29194099e-03
2260.000000 3.39565368e-03
2270.000000 3.49793575e-03
2280.000000 3.59870303e-03
2290.000000 3.69846542e-03
2296.000000 3.75764566e-03
2300.000000 3.79972279e-03
2310.000000 3.90437602e-03
2320.000000 4.00843028e-03
2330.000000 4.11187070e-03
2340.000000 4.21456859e-03
2350.000000 4.31651898e-03
2360.000000 4.41744468e-03
2370.000000 4.51720707e-03
2380.000000 4.61565764e-03
2390.000000 4.71281125e-03
2400.000000 4.80837087e-03
2410.000000 4.90224246e-03
2420.000000 4.99470323e-03
2430.000000 5.08568883e-03
2440.000000 5.17543686e-03
2450.000000 5.26434335e-03
2460.000000 5.35235879e-03
2470.000000 5.43978021e-03
2480.000000 5.52690461e-03
2490.000000 5.61388050e-03
2500.000000 5.70125241e-03
2510.000000 5.78897084e-03
2520.000000 5.87748131e-03
2530.000000 5.96658581e-03
2537.000000 6.02975100e-03
2540.000000 6.04217613e-03
2550.000000 6.08356022e-03
2560.000000 6.12499381e-03
2570.000000 6.16632840e-03
2580.000000 6.20791050e-03
2590.000000 6.24998762e-03
2600.000000 6.29246077e-03
2610.000000 6.33542894e-03
2620.000000 6.37909014e-03
2630.000000 6.42314737e-03
2640.000000 6.46774912e-03
2650.000000 6.51240038e-03
2660.000000 6.55739815e-03
2670.000000 6.60249493e-03
2680.000000 6.64734419e-03
2690.000000 6.69234196e-03
2700.000000 6.73689421e-03
2710.000000 6.82481065e-03
2720.000000 6.91322212e-03
2730.000000 7.00227711e-03
2740.000000 7.09167863e-03
2750.000000 7.18157517e-03
2760.000000 7.20345527e-03
2770.000000 7.22498886e-03
2780.000000 7.24637394e-03
2790.000000 7.26721449e-03
2800.000000 7.28741151e-03
2810.000000 7.30716301e-03
2820.000000 7.32617197e-03
2830.000000 7.34453740e-03
2840.000000 7.36250681e-03
2850.000000 7.37968417e-03
2860.000000 7.39651502e-03
2870.000000 7.41285085e-03
2880.000000 7.42849364e-03
2890.000000 7.44393842e-03
2900.000000 7.45878917e-03
2910.000000 7.42141478e-03
2920.000000 7.38329786e-03
2930.000000 7.34468591e-03
2940.000000 7.30538092e-03
2950.000000 7.26597693e-03
2960.000000 7.22573140e-03
2970.000000 7.18538686e-03
2980.000000 7.14454730e-03
2990.000000 7.10326221e-03
3000.000000 7.06177912e-03
3010.000000 7.01990000e-03
3020.000000 6.97782288e-03
3030.000000 6.93539924e-03
3040.000000 6.89262908e-03
3050.000000 6.84966091e-03
3060.000000 6.80639572e-03
3070.000000 6.76293253e-03
3080.000000 6.71932083e-03
3090.000000 6.67541211e-03
3100.000000 6.63130538e-03
3110.000000 6.66724420e-03
3120.000000 6.70323251e-03
3130.000000 6.73936934e-03
3140.000000 6.77540716e-03
3150.000000 6.81174199e-03
3160.000000 6.84797782e-03
3170.000000 6.88431266e-03
3180.000000 6.92054849e-03
3190.000000 6.95713084e-03
3200.000000 6.99356468e-03
3210.000000 7.03014702e-03
3220.000000 7.06707589e-03
3230.000000 7.10385624e-03
3240.000000 7.14083461e-03
3250.000000 7.17810999e-03
3260.000000 7.21528637e-03
3270.000000 7.25261126e-03
3280.000000 7.29028266e-03
3290.000000 7.32790456e-03
3300.000000 7.36587298e-03
3310.000000 7.40394040e-03
3320.000000 7.44220583e-03
3330.000000 7.48061977e-03
3340.000000 7.51938023e-03
3350.000000 7.55833870e-03
3360.000000 7.59744567e-03
3370.000000 7.63675066e-03
3380.000000 7.67640216e-03
3390.000000 7.71630117e-03
3400.000000 7.75654671e-03
3410.000000 7.79703975e-03
3420.000000 7.83768130e-03
3430.000000 7.87881788e-03
3440.000000 7.92035048e-03
3450.000000 7.96213059e-03
3460.000000 8.00435622e-03
3470.000000 8.04677986e-03
3480.000000 8.08974803e-03
3490.000000 8.13316172e-03
3500.000000 8.17682293e-03
3510.000000 8.22102866e-03
3520.000000 8.26567992e-03
3530.000000 8.31062819e-03
3540.000000 8.35631899e-03
3550.000000 8.40200980e-03
3560.000000 8.44819563e-03
3570.000000 8.49492599e-03
3580.000000 8.54180486e-03
3590.000000 8.58927776e-03
3600.000000 8.63694867e-03
3610.000000 8.68511460e-03
3620.000000 8.73323103e-03
3630.000000 8.78213950e-03
3640.000000 8.83099847e-03
3650.000000 8.88005544e-03
3660.000000 8.92960745e-03
3670.000000 8.97940696e-03
3680.000000 9.02940448e-03
3690.000000 9.07955052e-03
3700.000000 9.12999356e-03
3710.000000 9.18058512e-03
3720.000000 9.23137468e-03
3730.000000 9.28236226e-03
3740.000000 9.33354784e-03
3750.000000 9.38488194e-03
3760.000000 9.43646354e-03
3770.000000 9.48784714e-03
3780.000000 9.53977526e-03
3790.000000 9.59150537e-03
3800.000000 9.64313648e-03
3810.000000 9.69521311e-03
3820.000000 9.74714123e-03
3830.000000 9.79887134e-03
3840.000000 9.85074996e-03
3850.000000 9.90277709e-03
3860.000000 9.95460621e-03
3870.000000 1.00062868e-02
3880.000000 1.00580169e-02
3890.000000 1.01095490e-02
3900.000000 1.01611801e-02
3910.000000 1.02126132e-02
3920.000000 1.02637988e-02
3930.000000 1.03146874e-02
3940.000000 1.03656750e-02
3950.000000 1.04160685e-02
3960.000000 1.04664621e-02
3970.000000 1.05162616e-02
3980.000000 1.05661106e-02
3990.000000 1.06155636e-02
4000.000000 1.06644226e-02
4010.000000 1.06601653e-02
4020.000000 1.06554131e-02
4030.000000 1.06501658e-02
4040.000000 1.06444235e-02
4050.000000 1.06381367e-02
4060.000000 1.06314044e-02
4070.000000 1.06242265e-02
4080.000000 1.06165041e-02
4090.000000 1.06083362e-02
4100.000000 1.06000693e-02
4110.000000 1.05909608e-02
4120.000000 1.05817534e-02
4130.000000 1.05717539e-02
4140.000000 1.05616554e-02
4150.000000 1.05514083e-02
4160.000000 1.05404188e-02
4170.000000 1.05293302e-02
4180.000000 1.05177466e-02
4190.000000 1.05061136e-02
4200.000000 1.04940349e-02
4210.000000 1.05197762e-02
4220.000000 1.05455175e-02
4230.000000 1.05708133e-02
4240.000000 1.05961091e-02
4250.000000 1.06210584e-02
4260.000000 1.06460076e-02
4270.000000 1.06705609e-02
4280.000000 1.06951141e-02
4290.000000 1.07192713e-02
4300.000000 1.07433790e-02
4310.000000 1.07671897e-02
4320.000000 1.07909509e-02
4330.000000 1.08147121e-02
4340.000000 1.08384238e-02
4350.000000 1.08617395e-02
4360.000000 1.08847582e-02
4370.000000 1.09080739e-02
4380.000000 1.09309935e-02
4390.000000 1.09539627e-02
4400.000000 1.09765358e-02
4410.000000 1.09994060e-02
4420.000000 1.10219791e-02
4430.000000 1.10445027e-02
4440.000000 1.10666799e-02
4450.000000 1.10891540e-02
4460.000000 1.11112816e-02
4470.000000 1.11334092e-02
4480.000000 1.11554874e-02
4490.000000 1.11775655e-02
4500.000000 1.11996436e-02
4510.000000 1.13118657e-02
4520.000000 1.14238404e-02
4530.000000 1.15361616e-02
4540.000000 1.16482352e-02
4550.000000 1.17603089e-02
4560.000000 1.18727786e-02
4570.000000 1.19850007e-02
4580.000000 1.20972229e-02
4590.000000 1.22094946e-02
4600.000000 1.23218158e-02
4610.000000 1.24341864e-02
4620.000000 1.25466561e-02
4630.000000 1.26587298e-02
4640.000000 1.27712489e-02
4650.000000 1.28838176e-02
4660.000000 1.29964358e-02
4670.000000 1.31087075e-02
4680.000000 1.32214247e-02
4690.000000 1.33341914e-02
4700.000000 1.34465621e-02
4710.000000 1.35594278e-02
4720.000000 1.36718974e-02
4730.000000 1.37848621e-02
4740.000000 1.38974308e-02
4750.000000 1.40104450e-02
4760.000000 1.41231127e-02
4770.000000 1.42362259e-02
4780.000000 1.43493886e-02
4790.000000 1.44622048e-02
4800.000000 1.45754666e-02
4810.000000 1.46887283e-02
4820.000000 1.48016435e-02
4830.000000 1.49150537e-02
4840.000000 1.50285134e-02
4850.000000 1.51420227e-02
4860.000000 1.52550369e-02
4870.000000 1.53686451e-02
4880.000000 1.54822534e-02
4890.000000 1.55959606e-02
4900.000000 1.57096678e-02
4910.000000 1.58238701e-02
4920.000000 1.59376764e-02
4930.000000 1.60515321e-02
4940.000000 1.61653879e-02
4950.000000 1.62798376e-02
4960.000000 1.63942874e-02
4970.000000 1.65083412e-02
4980.000000 1.66228900e-02
4990.000000 1.67375377e-02
5000.000000 1.68521855e-02
5010.000000 1.69904955e-02
5020.000000 1.71288550e-02
5030.000000 1.72678085e-02
5040.000000 1.74063165e-02
5050.000000 1.75454185e-02
5060.000000 1.76840255e-02
5070.000000 1.78232761e-02
5080.000000 1.79625761e-02
5090.000000 1.81013316e-02
5100.000000 1.82407802e-02
5110.000000 1.83802782e-02
5120.000000 1.85198258e-02
5130.000000 1.86594723e-02
5140.000000 1.87986238e-02
5150.000000 1.89383694e-02
5160.000000 1.90782139e-02
5170.000000 1.92181080e-02
5180.000000 1.93581011e-02
5190.000000 1.94975496e-02
5200.000000 1.96376417e-02
5210.000000 1.97772388e-02
5220.000000 1.99174298e-02
5230.000000 2.00571754e-02
5240.000000 2.01969209e-02
5250.000000 2.03367160e-02
5260.000000 2.04772041e-02
5270.000000 2.06165041e-02
5280.000000 2.07564972e-02
5290.000000 2.08965893e-02
5300.000000 2.10360378e-02
5310.000000 2.11755359e-02
5320.000000 2.13157764e-02
5330.000000 2.14547300e-02
5340.000000 2.15943765e-02
5350.000000 2.17341221e-02
5360.000000 2.18731746e-02
5370.000000 2.20123261e-02
5380.000000 2.21508341e-02
5390.000000 2.22900351e-02
5400.000000 2.24285926e-02
5410.000000 2.25671996e-02
5420.000000 2.27058066e-02
5430.000000 2.28437701e-02
5440.000000 2.29817336e-02
5450.000000 2.31196970e-02
5460.000000 2.32570170e-02
5470.000000 2.33943369e-02
5480.000000 2.35309143e-02
5490.000000 2.36674917e-02
5500.000000 2.38041186e-02
5510.000000 2.39309440e-02
5520.000000 2.40576209e-02
5530.000000 2.41841988e-02
5540.000000 2.43099352e-02
5550.000000 2.44348300e-02
5560.000000 2.45603188e-02
5570.000000 2.46849166e-02
5580.000000 2.48094154e-02
5590.000000 2.49330231e-02
5600.000000 2.50564824e-02
5610.000000 2.51274689e-02
5620.000000 2.51984060e-02
5630.000000 2.52685016e-02
5640.000000 2.53383991e-02
5650.000000 2.54082471e-02
5660.000000 2.54779961e-02
5670.000000 2.55476462e-02
5680.000000 2.56163556e-02
5690.000000 2.56850156e-02
5700.000000 2.57535271e-02
5710.000000 2.58219395e-02
5720.000000 2.58902530e-02
5730.000000 2.59583684e-02
5740.000000 2.60264343e-02
5750.000000 2.60936092e-02
5760.000000 2.61613781e-02
5770.000000 2.62290481e-02
5780.000000 2.62957774e-02
5790.000000 2.63631998e-02
5800.000000 2.64296817e-02
5810.000000 2.64968566e-02
5820.000000 2.65630414e-02
5830.000000 2.66299193e-02
5840.000000 2.66958566e-02
5850.000000 2.67624870e-02
5860.000000 2.68281273e-02
5870.000000 2.68944607e-02
5880.000000 2.69605960e-02
5890.000000 2.70265828e-02
5900.000000 2.70924707e-02
5910.000000 2.71581605e-02
5920.000000 2.72245433e-02
5930.000000 2.72899361e-02
5940.000000 2.73559230e-02
5950.000000 2.74218108e-02
5960.000000 2.74875501e-02
5970.000000 2.75538835e-02
5980.000000 2.76192763e-02
5990.000000 2.76853126e-02
6000.000000 2.77511509e-02
6010.000000 2.77603584e-02
6020.000000 2.77702589e-02
6030.000000 2.77801099e-02
6040.000000 2.77897629e-02
6050.000000 2.77993664e-02
6060.000000 2.78096629e-02
6070.000000 2.78190189e-02
6080.000000 2.78291669e-02
6090.000000 2.78391664e-02
6100.000000 2.78491164e-02
6110.000000 2.78589674e-02
6120.000000 2.78686699e-02
6130.000000 2.78783229e-02
6140.000000 2.78878768e-02
6150.000000 2.78982724e-02
6160.000000 2.79076283e-02
6170.000000 2.79169843e-02
6180.000000 2.79262413e-02
6190.000000 2.79353992e-02
6200.000000 2.79444582e-02
6210.000000 2.79534677e-02
6220.000000 2.79615861e-02
6230.000000 2.79704965e-02
6240.000000 2.79784169e-02
6250.000000 2.79872284e-02
6260.000000 2.79950498e-02
6270.000000 2.80019801e-02
6280.000000 2.80097025e-02
6290.000000 2.80165338e-02
6300.000000 2.80232662e-02
6310.000000 2.80299490e-02
6320.000000 2.80357408e-02
6330.000000 2.80414831e-02
6340.000000 2.80471264e-02
6350.000000 2.80518786e-02
6360.000000 2.80565814e-02
6370.000000 2.80603930e-02
6380.000000 2.80641552e-02
6390.000000 2.80678679e-02
6400.000000 2.80706401e-02
6410.000000 2.80725212e-02
6420.000000 2.80744023e-02
6430.000000 2.80753428e-02
6440.000000 2.80762338e-02
6450.000000 2.80762338e-02
6460.000000 2.80761843e-02
6470.000000 2.80744023e-02
6480.000000 2.80725707e-02
6490.000000 2.80706401e-02
6500.000000 2.80670264e-02
6510.000000 2.79933667e-02
6520.000000 2.79189644e-02
6530.000000 2.78437206e-02
6540.000000 2.77677343e-02
6550.000000 2.76918469e-02
6560.000000 2.76152171e-02
6570.000000 2.75387357e-02
6580.000000 2.74606208e-02
6590.000000 2.73834464e-02
6600.000000 2.73055789e-02
6610.000000 2.72269195e-02
6620.000000 2.71475670e-02
6630.000000 2.70691550e-02
6640.000000 2.69892580e-02
6650.000000 2.69102520e-02
6660.000000 2.68297114e-02
6670.000000 2.67501609e-02
6680.000000 2.66699173e-02
6690.000000 2.65897728e-02
6700.000000 2.65089847e-02
6710.000000 2.64282956e-02
6720.000000 2.63477551e-02
6730.000000 2.62674125e-02
6740.000000 2.61863274e-02
6750.000000 2.61054403e-02
6760.000000 2.60246522e-02
6770.000000 2.59432701e-02
6780.000000 2.58627791e-02
6790.000000 2.57816445e-02
6800.000000 2.57006584e-02
6810.000000 2.56198703e-02
6820.000000 2.55391812e-02
6830.000000 2.54586902e-02
6840.000000 2.53783476e-02
6850.000000 2.52981536e-02
6860.000000 2.52180585e-02
6870.000000 2.51374189e-02
6880.000000 2.50577199e-02
6890.000000 2.49781694e-02
6900.000000 2.48987179e-02
6910.000000 2.48187218e-02
6920.000000 2.47396169e-02
6930.000000 2.46607099e-02
6940.000000 2.45826939e-02
6950.000000 2.45040840e-02
6960.000000 2.44256225e-02
6970.000000 2.43481016e-02
6980.000000 2.42707787e-02
6990.000000 2.41936043e-02
7000.000000 2.41165289e-02
7010.000000 2.40009900e-02
7020.000000 2.38851047e-02
7030.000000 2.37703579e-02
7040.000000 2.36567992e-02
7050.000000 2.35428939e-02
7060.000000 2.34301767e-02
7070.000000 2.33178060e-02
7080.000000 2.32058314e-02
7090.000000 2.30942528e-02
7100.000000 2.29838127e-02
7110.000000 2.28737686e-02
7120.000000 2.27640711e-02
7130.000000 2.26548191e-02
7140.000000 2.25465571e-02
7150.000000 2.24380476e-02
7160.000000 2.23306272e-02
7170.000000 2.22235533e-02
7180.000000 2.21175189e-02
7190.000000 2.20111876e-02
7200.000000 2.19059453e-02
7210.000000 2.18010495e-02
7220.000000 2.16965002e-02
7230.000000 2.15930399e-02
7240.000000 2.14891837e-02
7250.000000 2.13864165e-02
7260.000000 2.12839463e-02
7270.000000 2.11818722e-02
7280.000000 2.10808376e-02
7290.000000 2.09794565e-02
7300.000000 2.08790654e-02
7310.000000 2.07790703e-02
7320.000000 2.06800653e-02
7330.000000 2.05807138e-02
7340.000000 2.04823524e-02
7350.000000 2.03843374e-02
7360.000000 2.02866690e-02
7370.000000 2.01899411e-02
7380.000000 2.00929162e-02
7390.000000 1.99968813e-02
7400.000000 1.99011930e-02
7410.000000 1.98063957e-02
7420.000000 1.97113509e-02
7430.000000 1.96172467e-02
7440.000000 1.95240830e-02
7450.000000 1.94305727e-02
7460.000000 1.93380526e-02
7470.000000 1.92458294e-02
7480.000000 1.91539033e-02
7490.000000 1.90623236e-02
7500.000000 1.89716351e-02
7510.000000 1.88813425e-02
7520.000000 1.87912975e-02
7530.000000 1.87015494e-02
7540.000000 1.86119994e-02
7550.000000 1.85226474e-02
7560.000000 1.84335924e-02
7570.000000 1.83447354e-02
7580.000000 1.82561259e-02
7590.000000 1.81678135e-02
7600.000000 1.80796990e-02
7610.000000 1.79917826e-02
7620.000000 1.79041632e-02
7630.000000 1.78167417e-02
7640.000000 1.77296173e-02
7650.000000 1.76426910e-02
7660.000000 1.75560121e-02
7670.000000 1.74696302e-02
7680.000000 1.73834464e-02
7690.000000 1.72975100e-02
7700.000000 1.72118212e-02
7710.000000 1.71264294e-02
7720.000000 1.70412356e-02
7730.000000 1.69562893e-02
7740.000000 1.68715905e-02
7750.000000 1.67871888e-02
7760.000000 1.67030345e-02
7770.000000 1.66191278e-02
7780.000000 1.65354190e-02
7790.000000 1.64520568e-02
7800.000000 1.63688926e-02
7810.000000 1.62860254e-02
7820.000000 1.62033563e-02
7830.000000 1.61209841e-02
7840.000000 1.60388595e-02
7850.000000 1.59570813e-02
7860.000000 1.58754517e-02
7870.000000 1.57941686e-02
7880.000000 1.57131330e-02
7890.000000 1.56323449e-02
7900.000000 1.55518539e-02
7910.000000 1.54716598e-02
7920.000000 1.53917133e-02
7930.000000 1.53120143e-02
7940.000000 1.52326122e-02
7950.000000 1.51535073e-02
7960.000000 1.50746993e-02
7970.000000 1.49961388e-02
7980.000000 1.49178754e-02
7990.000000 1.48399089e-02
8000.000000 1.47622395e-02
8010.000000 1.46533340e-02
8020.000000 1.45448245e-02
8030.000000 1.44366616e-02
8040.000000 1.43288451e-02
8050.000000 1.42214247e-02
8060.000000 1.41143508e-02
8070.000000 1.40075739e-02
8080.000000 1.39011930e-02
8090.000000 1.37951587e-02
8100.000000 1.36895203e-02
8110.000000 1.35841790e-02
8120.000000 1.34792337e-02
8130.000000 1.33745854e-02
8140.000000 1.32703332e-02
8150.000000 1.31664274e-02
8160.000000 1.30628682e-02
8170.000000 1.29596555e-02
8180.000000 1.28568388e-02
8190.000000 1.27543191e-02
8200.000000 1.26521459e-02
8210.000000 1.25503688e-02
8220.000000 1.24489382e-02
8230.000000 1.23478046e-02
8240.000000 1.22470670e-02
8250.000000 1.21466759e-02
8260.000000 1.20466314e-02
8270.000000 1.19469333e-02
8280.000000 1.18475818e-02
8290.000000 1.17486263e-02
8300.000000 1.16499678e-02
8310.000000 1.15516559e-02
8320.000000 1.14536904e-02
8330.000000 1.13561210e-02
8340.000000 1.12588486e-02
8350.000000 1.11619227e-02
8360.000000 1.11218752e-02
8370.000000 1.10814811e-02
8380.000000 1.10407901e-02
8390.000000 1.09997030e-02
8400.000000 1.09582694e-02
8410.000000 1.09164893e-02
8420.000000 1.08744122e-02
8430.000000 1.08319390e-02
8440.000000 1.07891194e-02
8450.000000 1.07459532e-02
8460.000000 1.07024405e-02
8470.000000 1.06585813e-02
8480.000000 1.06144250e-02
8490.000000 1.05698728e-02
8500.000000 1.05249245e-02
8510.000000 1.04777981e-02
8520.000000 1.04303252e-02
8530.000000 1.03824563e-02
8540.000000 1.03341914e-02
8550.000000 1.02856294e-02
8560.000000 1.02366715e-02
8570.000000 1.01873175e-02
8580.000000 1.01376665e-02
8590.000000 1.00875699e-02
8600.000000 1.00371269e-02
8610.000000 9.98633731e-03
8620.000000 9.93520123e-03
8630.000000 9.88361962e-03
8640.000000 9.83169150e-03
8650.000000 9.77941686e-03
8660.000000 9.72496411e-03
8670.000000 9.67016484e-03
8680.000000 9.61496956e-03
8690.000000 9.55947725e-03
8700.000000 9.50358893e-03
8710.000000 9.44740359e-03
8720.000000 9.39082224e-03
8730.000000 9.33389436e-03
8740.000000 9.27661997e-03
8750.000000 9.21894956e-03
8760.000000 9.16098213e-03
8770.000000 9.10261868e-03
8780.000000 9.04395822e-03
8790.000000 8.98490174e-03
8800.000000 8.92544924e-03
8810.000000 8.86569972e-03
8820.000000 8.80555418e-03
8830.000000 8.74506213e-03
8840.000000 8.68422355e-03
8850.000000 8.62298896e-03
8860.000000 8.56140785e-03
8870.000000 8.49948022e-03
8880.000000 8.43720608e-03
8890.000000 8.37453591e-03
8900.000000 8.31151923e-03
8910.000000 8.24810653e-03
8920.000000 8.18434731e-03
8930.000000 8.12024157e-03
8940.000000 8.05573981e-03
8950.000000 7.99084204e-03
8960.000000 7.92421167e-03
8970.000000 7.85723479e-03
8980.000000 7.78991139e-03
8990.000000 7.72224147e-03
9000.000000 7.65422504e-03
9010.000000 7.59244592e-03
9020.000000 7.53032028e-03
9030.000000 7.46784813e-03
9040.000000 7.40507896e-03
9050.000000 7.34201277e-03
9060.000000 7.27860007e-03
9070.000000 7.21489035e-03
9080.000000 7.15083412e-03
9090.000000 7.08648087e-03
9100.000000 7.02178110e-03
9110.000000 6.95678432e-03
9120.000000 6.89149052e-03
9130.000000 6.82580070e-03
9140.000000 6.75986337e-03
9150.000000 6.69357953e-03
9160.000000 6.62694916e-03
9170.000000 6.55997228e-03
9180.000000 6.49269838e-03
9190.000000 6.42512747e-03
9200.000000 6.35721004e-03
9210.000000 6.28894609e-03
9220.000000 6.22038513e-03
9230.000000 6.15147765e-03
9240.000000 6.08222365e-03
9250.000000 6.01267264e-03
9260.000000 5.94183456e-03
9270.000000 5.87069947e-03
9280.000000 5.79926736e-03
9290.000000 5.72753824e-03
9300.000000 5.65551210e-03
9310.000000 5.58313945e-03
9320.000000 5.51046978e-03
9330.000000 5.43750309e-03
9340.000000 5.36423939e-03
9350.000000 5.29062918e-03
9360.000000 5.21672194e-03
9370.000000 5.14251770e-03
9380.000000 5.06796693e-03
9390.000000 4.99311915e-03
9400.000000 4.91799416e-03
9410.000000 4.84253255e-03
9420.000000 4.76675907e-03
9430.000000 4.69067373e-03
9440.000000 4.61427157e-03
9450.000000 4.53755260e-03
9457.000000 4.48366418e-03
9458.000000 3.62522647e-03
9459.000000 2.14361665e-03
9460.000000 3.60653928e-03
9461.000000 3.90670264e-03
9462.000000 3.37574378e-03
9463.000000 2.99435176e-03
9464.000000 4.74180981e-03
9465.000000 5.75189347e-03
9466.000000 4.04059205e-03
9467.000000 4.28170388e-03
9468.000000 4.72454829e-03
9469.000000 4.30199000e-03
9470.000000 4.29196574e-03
9471.000000 5.17306074e-03
9472.000000 5.00633632e-03
9473.000000 4.69743082e-03
9474.000000 6.82045443e-03
9475.000000 5.46784813e-03
9476.000000 6.34612148e-03
9477.000000 5.44230484e-03
9478.000000 5.81976140e-03
9479.000000 5.76025939e-03
9480.000000 6.82263254e-03
9481.000000 7.14657690e-03
9482.000000 6.64679966e-03
9483.000000 7.40230682e-03
9484.000000 8.87485768e-03
9485.000000 9.47784763e-03
9486.000000 9.68739171e-03
9487.000000 1.15674967e-02
9488.000000 1.33864660e-02
9489.000000 1.43136973e-02
9490.000000 1.68679273e-02
9491.000000 1.78554032e-02
9492.000000 2.14802733e-02
9493.000000 2.68879758e-02
9494.000000 2.98535221e-02
9495.000000 3.42256819e-02
9496.000000 4.39984159e-02
9497.000000 5.19048562e-02
9498.000000 6.05786842e-02
9499.000000 7.17454581e-02
9500.000000 8.54947775e-02
9501.000000 1.07442701e-01
9502.000000 1.27420425e-01
9503.000000 1.48096629e-01
9504.000000 1.71687045e-01
9505.000000 2.11665759e-01
9506.000000 2.60314341e-01
9507.000000 2.96169497e-01
9508.000000 3.36811544e-01
9509.000000 3.92785011e-01
9510.000000 4.60278204e-01
9511.000000 5.16127914e-01
9512.000000 5.68986684e-01
9513.000000 6.24959160e-01
9514.000000 6.98806990e-01
9515.000000 7.52952824e-01
9516.000000 7.90406416e-01
9517.000000 8.30889560e-01
9518.000000 8.82010792e-01
9519.000000 9.16073462e-01
9520.000000 9.37953567e-01
9521.000000 9.55977427e-01
9522.000000 9.74496312e-01
9523.000000 9.88728281e-01
9524.000000 9.96024949e-01
9525.000000 9.98742637e-01
9526.000000 1.00001485e+00
9527.000000 9.98396119e-01
9528.000000 9.98000099e-01
9529.000000 9.95940795e-01
9530.000000 9.93668630e-01
9531.000000 9.91614277e-01
9532.000000 9.89891590e-01
9533.000000 9.86639275e-01
9534.000000 9.85253205e-01
9535.000000 9.84079996e-01
9536.000000 9.81164299e-01
9537.000000 9.80654423e-01
9538.000000 9.79916836e-01
9539.000000 9.77877333e-01
9540.000000 9.76273452e-01
9541.000000 9.74456710e-01
9542.000000 9.72743924e-01
9543.000000 9.71036087e-01
9544.000000 9.68897579e-01
9545.000000 9.66759071e-01
9546.000000 9.63873076e-01
9547.000000 9.62388001e-01
9548.000000 9.58650562e-01
9549.000000 9.56205138e-01
9550.000000 9.52373645e-01
9551.000000 9.50789565e-01
9552.000000 9.47289738e-01
9553.000000 9.44225533e-01
9554.000000 9.40948468e-01
9555.000000 9.37260532e-01
9556.000000 9.35691302e-01
9557.000000 9.32745904e-01
9558.000000 9.31711301e-01
9559.000000 9.30567794e-01
9560.000000 9.30369784e-01
9561.000000 9.29117370e-01
9562.000000 9.29854958e-01
9563.000000 9.29751002e-01
9564.000000 9.29018365e-01
9565.000000 9.29112420e-01
9566.000000 9.27018464e-01
9567.000000 9.24201772e-01
9568.000000 9.20038612e-01
9569.000000 9.09974754e-01
9570.000000 8.95277462e-01
9571.000000 8.76392258e-01
9572.000000 8.56323944e-01
9573.000000 8.31270729e-01
9574.000000 7.91688530e-01
9575.000000 7.43398842e-01
9576.000000 7.04489877e-01
9577.000000 6.63343399e-01
9578.000000 6.12831048e-01
9579.000000 5.42987971e-01
9580.000000 4.88543141e-01
9581.000000 4.41592990e-01
9582.000000 3.90223751e-01
9583.000000 3.24424038e-01
9584.000000 2.77454086e-01
9585.000000 2.43262710e-01
9586.000000 2.07869412e-01
9587.000000 1.68260482e-01
9588.000000 1.36218999e-01
9589.000000 1.15321519e-01
9590.000000 9.97420920e-02
9591.000000 8.02212762e-02
9592.000000 6.17830800e-02
9593.000000 5.14613138e-02
9594.000000 4.52146923e-02
9595.000000 3.77958517e-02
9596.000000 2.99845057e-02
9597.000000 2.44869561e-02
9598.000000 2.16576902e-02
9599.000000 1.93807237e-02
9600.000000 1.54946785e-02
9601.000000 1.22020197e-02
9602.000000 1.17789713e-02
9603.000000 1.09944062e-02
9604.000000 9.01197960e-03
9605.000000 8.30978664e-03
9606.000000 6.78233751e-03
9607.000000 6.65991783e-03
9608.000000 6.33948814e-03
9609.000000 6.28226325e-03
9610.000000 5.67169942e-03
9611.000000 4.92958764e-03
9612.000000 4.02765210e-03
9613.000000 4.27741201e-03
9614.000000 4.09977229e-03
9615.000000 3.92751349e-03
9616.000000 4.58969853e-03
9617.000000 3.44769566e-03
9618.000000 3.37394683e-03
9619.000000 2.56052671e-03
9620.000000 2.36269492e-03
9621.000000 2.80109401e-03
9622.000000 3.10881144e-03
9623.000000 2.68912925e-03
9624.000000 2.42705312e-03
9625.000000 2.54857185e-03
9626.000000 3.06586803e-03
9627.000000 2.55866046e-03
9628.000000 2.39631701e-03
9629.000000 2.10970249e-03
9630.000000 2.81432602e-03
9631.000000 2.83751794e-03
9632.000000 2.64494827e-03
9633.000000 2.38872333e-03
9634.000000 2.71858324e-03
9635.000000 2.13151824e-03
9636.000000 2.48939161e-03
9637.000000 2.42211772e-03
9638.000000 2.07973368e-03
9639.000000 8.06088807e-04
9640.000000 2.21976635e-03
9641.000000 2.36292263e-03
9642.000000 1.81747438e-03
9643.000000 2.67424880e-03
9644.000000 1.80559378e-03
9645.000000 1.97762982e-03
9646.000000 2.59270333e-03
9647.000000 1.58233256e-03
9648.000000 1.87001634e-03
9649.000000 1.77789218e-03
9650.000000 3.10985100e-03
9660.000000 3.05455175e-03
9670.000000 2.99941587e-03
9680.000000 2.94444334e-03
9690.000000 2.88962923e-03
9700.000000 2.83497847e-03
9710.000000 2.78049602e-03
9720.000000 2.72617197e-03
9730.000000 2.67202119e-03
9740.000000 2.61802881e-03
9750.000000 2.56420969e-03
9760.000000 2.50924212e-03
9770.000000 2.45448740e-03
9780.000000 2.39995545e-03
9790.000000 2.34564130e-03
9800.000000 2.29154992e-03
9810.000000 2.23767635e-03
9820.000000 2.18402554e-03
9830.000000 2.13059254e-03
9840.000000 2.07738726e-03
9850.000000 2.02440473e-03
9860.000000 1.97164992e-03
9870.000000 1.91911787e-03
9880.000000 1.86681847e-03
9890.000000 1.81474184e-03
9900.000000 1.76289293e-03
9910.000000 1.71127667e-03
9920.000000 1.65988812e-03
9930.000000 1.60873224e-03
9940.000000 1.55780902e-03
9950.000000 1.50711846e-03
9960.000000 1.45666551e-03
9970.000000 1.40644028e-03
9980.000000 1.35645265e-03
9990.000000 1.30670759e-03
10000.000000 1.25719024e-03
10010.000000 1.22907282e-03
10020.000000 1.20118806e-03
10030.000000 1.17354586e-03
10040.000000 1.14613633e-03
10050.000000 1.11896441e-03
10060.000000 1.09203010e-03
10070.000000 1.06533340e-03
10080.000000 1.03887431e-03
10090.000000 1.01265284e-03
10100.000000 9.86668977e-04
10110.000000 9.60922727e-04
10120.000000 9.35409138e-04
10130.000000 9.10138112e-04
10140.000000 8.85104698e-04
10150.000000 8.60308896e-04
10160.000000 8.35750705e-04
10170.000000 8.11425177e-04
10180.000000 7.87342211e-04
10190.000000 7.63496857e-04
10200.000000 7.39889114e-04
10210.000000 7.16518984e-04
10220.000000 6.93386466e-04
10230.000000 6.70496510e-04
10240.000000 6.47839216e-04
10250.000000 6.25419534e-04
10260.000000 6.03242414e-04
10270.000000 5.81302906e-04
10280.000000 5.59601010e-04
10290.000000 5.38136726e-04
10300.000000 5.16910054e-04
10310.000000 4.95920994e-04
10320.000000 4.75173011e-04
10330.000000 4.54662640e-04
10340.000000 4.34391367e-04
10350.000000 4.14358695e-04
10360.000000 3.94564626e-04
10370.000000 3.75009158e-04
10380.000000 3.55692787e-04
10390.000000 3.36615019e-04
10400.000000 3.17776348e-04
10410.000000 2.99176773e-04
10420.000000 2.80816296e-04
10430.000000 2.62694916e-04
10440.000000 2.44812633e-04
10450.000000 2.27169447e-04
10460.000000 2.09765358e-04
