# wave[microns]    norm_trans
0.62580000 3.34492676e-04
0.62600000 4.45907462e-04
0.62620000 7.80279908e-04
0.62640000 1.22610329e-03
0.62660000 1.89510907e-03
0.62680000 3.23284560e-03
0.62700000 5.35113472e-03
0.62720000 9.47633117e-03
0.62740000 1.71697995e-02
0.62760000 3.08849092e-02
0.62780000 5.65325800e-02
0.62800000 1.01697366e-01
0.62820000 1.82550921e-01
0.62840000 3.25529641e-01
0.62860000 5.33988967e-01
0.62880000 7.67004306e-01
0.62900000 9.17842774e-01
0.62920000 9.66406299e-01
0.62940000 9.71584837e-01
0.62960000 9.76763375e-01
0.62980000 9.81941912e-01
0.63000000 9.93029798e-01
0.63020000 1.00000000e+00
0.63040000 9.98821274e-01
0.63060000 9.99756397e-01
0.63080000 9.97241780e-01
0.63100000 9.91819639e-01
0.63120000 9.83489973e-01
0.63140000 9.68803043e-01
0.63160000 9.51986547e-01
0.63180000 9.36513799e-01
0.63200000 9.26062425e-01
0.63220000 9.14267304e-01
0.63240000 8.56368266e-01
0.63260000 7.08276231e-01
0.63280000 4.74994499e-01
0.63300000 2.55870843e-01
0.63320000 1.25819608e-01
0.63340000 6.10701264e-02
0.63360000 3.13738448e-02
0.63380000 1.69715377e-02
0.63400000 9.60269064e-03
0.63420000 5.69492205e-03
0.63440000 3.46180927e-03
0.63460000 2.23354498e-03
0.63480000 1.34020400e-03
0.63500000 7.81824040e-04
0.63520000 5.58442038e-04
0.63540000 4.46842585e-04
0.63560000 2.23422864e-04
