3660.000000 4.15692e-06
3666.000000 5.11515e-06
3670.000000 1.0253e-05
3674.000000 3.08276e-05
3678.000000 6.17922e-05
3680.000000 0.000100524
3682.000000 0.000139341
3686.000000 0.000258612
3690.000000 0.000513188
3694.000000 0.000924749
3698.000000 0.0016193
3700.000000 0.00207979
3702.000000 0.0025413
3706.000000 0.00367656
3710.000000 0.00479587
3714.000000 0.00589909
3718.000000 0.00692819
3720.000000 0.00739963
3722.000000 0.0078721
3726.000000 0.00864563
3730.000000 0.00939602
3734.000000 0.00998501
3738.000000 0.0104381
3740.000000 0.0106628
3742.000000 0.0108879
3746.000000 0.0113074
3750.000000 0.0116645
3754.000000 0.0120982
3758.000000 0.0124207
3760.000000 0.0125878
3762.000000 0.0127552
3766.000000 0.0129397
3770.000000 0.0130112
3774.000000 0.0129094
3778.000000 0.0127417
3780.000000 0.0126058
3782.000000 0.0124695
3786.000000 0.0121195
3790.000000 0.0120472
3794.000000 0.0121609
3798.000000 0.012572
3800.000000 0.0128332
3802.000000 0.0130951
3806.000000 0.012328
3810.000000 0.00924378
3814.000000 0.00534735
3818.000000 0.0027183
3820.000000 0.00205343
3822.000000 0.00138711
3826.000000 0.000703402
3830.000000 0.000374824
3834.000000 0.000213037
3838.000000 0.000129216
3840.000000 9.84203e-05
3842.000000 6.75594e-05
3846.000000 3.94928e-05
3850.000000 2.26148e-05
3854.000000 1.13311e-05
3858.000000 5.67738e-06
3860.000000 5.6833e-06
3870.000000 5.71279e-06
3880.000000 5.74233e-06
3890.000000 5.77177e-06
3900.000000 3.48075e-06
3910.000000 2.9153e-06
