4380.000000 2.46693802e-04
4390.000000 3.44506024e-04
4400.000000 4.67584904e-04
4410.000000 6.78912652e-04
4420.000000 9.48029364e-04
4430.000000 1.40543310e-03
4440.000000 2.01709883e-03
4450.000000 3.10967965e-03
4460.000000 4.60836226e-03
4470.000000 7.46817364e-03
4480.000000 1.17760616e-02
4490.000000 1.92951502e-02
4500.000000 2.55395853e-02
4510.000000 3.20638526e-02
4512.000000 3.60094852e-02
4514.000000 4.05055149e-02
4516.000000 4.53513347e-02
4518.000000 5.11405884e-02
4520.000000 5.78251231e-02
4522.000000 6.49105082e-02
4524.000000 7.31622844e-02
4526.000000 8.26146131e-02
4528.000000 9.32753075e-02
4530.000000 1.05415660e-01
4532.000000 1.18966983e-01
4534.000000 1.34648484e-01
4536.000000 1.51336289e-01
4538.000000 1.71122236e-01
4540.000000 1.92493595e-01
4542.000000 2.15912271e-01
4544.000000 2.41983901e-01
4546.000000 2.69547362e-01
4548.000000 3.00679592e-01
4550.000000 3.32080752e-01
4552.000000 3.67070667e-01
4554.000000 4.03178093e-01
4556.000000 4.40437556e-01
4558.000000 4.78641906e-01
4560.000000 5.16159395e-01
4562.000000 5.53273490e-01
4564.000000 5.88957535e-01
4566.000000 6.22293896e-01
4568.000000 6.54916141e-01
4570.000000 6.83475369e-01
4572.000000 7.09274435e-01
4574.000000 7.32680392e-01
4576.000000 7.53393418e-01
4578.000000 7.71255429e-01
4580.000000 7.85759453e-01
4582.000000 7.97641415e-01
4584.000000 8.10751731e-01
4586.000000 8.18216343e-01
4588.000000 8.25780895e-01
4590.000000 8.30445369e-01
4592.000000 8.36141951e-01
4594.000000 8.39654389e-01
4596.000000 8.44153508e-01
4598.000000 8.48060255e-01
4600.000000 8.50146276e-01
4602.000000 8.52301346e-01
4604.000000 8.54232915e-01
4606.000000 8.55426744e-01
4608.000000 8.58464921e-01
4610.000000 8.59500663e-01
4612.000000 8.62318972e-01
4614.000000 8.64848364e-01
4616.000000 8.65658787e-01
4618.000000 8.67510403e-01
4620.000000 8.70455908e-01
4622.000000 8.73537696e-01
4624.000000 8.74068286e-01
4626.000000 8.76334199e-01
4628.000000 8.78921738e-01
4630.000000 8.80642524e-01
4632.000000 8.83197354e-01
4634.000000 8.85915723e-01
4636.000000 8.87438446e-01
4638.000000 8.89886068e-01
4640.000000 8.92059310e-01
4642.000000 8.94257991e-01
4644.000000 8.97272546e-01
4646.000000 8.99918231e-01
4648.000000 9.01497283e-01
4650.000000 9.02211400e-01
4652.000000 9.05589374e-01
4654.000000 9.07684480e-01
4656.000000 9.10041248e-01
4658.000000 9.11671179e-01
4660.000000 9.13488271e-01
4662.000000 9.13980702e-01
4664.000000 9.17140625e-01
4666.000000 9.17938328e-01
4668.000000 9.18045536e-01
4670.000000 9.21665183e-01
4672.000000 9.22203042e-01
4674.000000 9.23475006e-01
4676.000000 9.25799066e-01
4678.000000 9.26616757e-01
4680.000000 9.29852997e-01
4682.000000 9.30935984e-01
4684.000000 9.32809405e-01
4686.000000 9.34659204e-01
4688.000000 9.37850017e-01
4690.000000 9.39814293e-01
4692.000000 9.42003889e-01
4694.000000 9.44535097e-01
4696.000000 9.46826450e-01
4698.000000 9.49435793e-01
4700.000000 9.50831319e-01
4702.000000 9.54429161e-01
4704.000000 9.56687805e-01
4706.000000 9.57896171e-01
4708.000000 9.61730235e-01
4710.000000 9.63603656e-01
4712.000000 9.68131848e-01
4714.000000 9.71019207e-01
4716.000000 9.74204568e-01
4718.000000 9.79401450e-01
4720.000000 9.82477786e-01
4722.000000 9.86360911e-01
4724.000000 9.91566878e-01
4726.000000 9.93075064e-01
4728.000000 9.97401559e-01
4730.000000 9.98439118e-01
4732.000000 9.99994549e-01
4734.000000 9.98793451e-01
4736.000000 9.96903676e-01
4738.000000 9.93921829e-01
4740.000000 9.87927244e-01
4742.000000 9.80664329e-01
4744.000000 9.70566751e-01
4746.000000 9.58648447e-01
4748.000000 9.43757382e-01
4750.000000 9.25486526e-01
4752.000000 9.04588156e-01
4754.000000 8.79772137e-01
4756.000000 8.52039685e-01
4758.000000 8.21043737e-01
4760.000000 7.85606818e-01
4762.000000 7.48554504e-01
4764.000000 7.09712354e-01
4766.000000 6.68028274e-01
4768.000000 6.27352679e-01
4770.000000 5.86106518e-01
4772.000000 5.44366108e-01
4774.000000 5.03705050e-01
4776.000000 4.63652717e-01
4778.000000 4.26080715e-01
4780.000000 3.92093835e-01
4782.000000 3.59493395e-01
4784.000000 3.28550143e-01
4786.000000 3.00003634e-01
4788.000000 2.73395962e-01
4790.000000 2.48485454e-01
4792.000000 2.26778478e-01
4794.000000 2.06686897e-01
4796.000000 1.88019915e-01
4798.000000 1.71403522e-01
4800.000000 1.55712209e-01
4802.000000 1.41863064e-01
4804.000000 1.29446514e-01
4806.000000 1.17971762e-01
4808.000000 1.07070848e-01
4810.000000 9.74604328e-02
4812.000000 8.89940581e-02
4814.000000 8.11983719e-02
4816.000000 7.41553250e-02
4818.000000 6.79250631e-02
4820.000000 6.21501644e-02
4822.000000 5.70065234e-02
4824.000000 5.22252103e-02
4826.000000 4.79666745e-02
4828.000000 4.43197718e-02
4830.000000 4.08442207e-02
4832.000000 3.77111915e-02
4834.000000 3.48138390e-02
4836.000000 3.23435030e-02
4838.000000 2.99987280e-02
4840.000000 2.88096233e-02
4850.000000 2.28079516e-02
4860.000000 1.65502698e-02
4870.000000 1.17773154e-02
4880.000000 8.91477841e-03
4890.000000 6.59982193e-03
4900.000000 5.15432559e-03
4910.000000 3.94692276e-03
4920.000000 3.17215125e-03
4930.000000 2.49940945e-03
4940.000000 2.04828012e-03
4950.000000 1.65111479e-03
4960.000000 1.38634637e-03
4970.000000 1.14910872e-03
4980.000000 9.80809696e-04
4990.000000 8.22219396e-04
5000.000000 7.10241128e-04
5010.000000 6.08275035e-04
5020.000000 5.38709502e-04
5030.000000 4.71086439e-04
5040.000000 4.19648211e-04
5050.000000 3.67343230e-04
5060.000000 3.30176440e-04
5070.000000 2.95620809e-04
5080.000000 2.73510439e-04
5090.000000 2.47733178e-04
5100.000000 2.29802119e-04
5110.000000 2.08236876e-04
