0.52900000 2.19349461e-04
0.52920000 2.41583016e-04
0.52940000 2.67135391e-04
0.52960000 2.96020653e-04
0.52980000 3.28951385e-04
0.53000000 3.66410850e-04
0.53020000 4.09041988e-04
0.53040000 4.58037127e-04
0.53060000 5.14750385e-04
0.53080000 5.79683312e-04
0.53100000 6.53495030e-04
0.53120000 7.37399672e-04
0.53140000 8.33095337e-04
0.53160000 9.42114112e-04
0.53180000 1.06639748e-03
0.53200000 1.20838638e-03
0.53220000 1.37050064e-03
0.53240000 1.55599716e-03
0.53260000 1.76655013e-03
0.53280000 2.00702031e-03
0.53300000 2.27752024e-03
0.53320000 2.58136312e-03
0.53340000 2.92026534e-03
0.53360000 3.29355159e-03
0.53380000 3.70696192e-03
0.53400000 4.17182873e-03
0.53420000 4.68756111e-03
0.53440000 5.21423899e-03
0.53460000 5.61455131e-03
0.53500000 6.59391948e-03
0.53600000 9.06379477e-03
0.53680000 1.10619096e-02
0.53700000 1.22503675e-02
0.53720000 1.34907392e-02
0.53740000 1.48323356e-02
0.53760000 1.62754381e-02
0.53780000 1.78205390e-02
0.53800000 1.95335505e-02
0.53820000 2.13331551e-02
0.53840000 2.32852651e-02
0.53860000 2.53740530e-02
0.53880000 2.75999409e-02
0.53900000 2.99800224e-02
0.53920000 3.24484556e-02
0.53940000 3.50885276e-02
0.53960000 3.79008012e-02
0.53980000 4.08693083e-02
0.54000000 4.40445557e-02
0.54020000 4.73273588e-02
0.54040000 5.08014266e-02
0.54060000 5.44507207e-02
0.54080000 5.82758742e-02
0.54100000 6.22273651e-02
0.54120000 6.63725828e-02
0.54140000 7.07123714e-02
0.54160000 7.52636133e-02
0.54180000 7.99773493e-02
0.54200000 8.48029319e-02
0.54220000 8.98761246e-02
0.54240000 9.50449848e-02
0.54260000 1.00479745e-01
0.54280000 1.06012282e-01
0.54300000 1.11641894e-01
0.54320000 1.17539516e-01
0.54340000 1.23620031e-01
0.54360000 1.29800435e-01
0.54380000 1.36165139e-01
0.54400000 1.42800667e-01
0.54420000 1.49451670e-01
0.54440000 1.56203265e-01
0.54460000 1.63141271e-01
0.54480000 1.70267095e-01
0.54500000 1.77666556e-01
0.54520000 1.85167313e-01
0.54540000 1.92685655e-01
0.54560000 2.00393222e-01
0.54580000 2.08290717e-01
0.54600000 2.16292321e-01
0.54620000 2.24399440e-01
0.54640000 2.32696488e-01
0.54660000 2.41013232e-01
0.54680000 2.49435491e-01
0.54700000 2.57876744e-01
0.54720000 2.66422105e-01
0.54740000 2.74986459e-01
0.54760000 2.83657735e-01
0.54780000 2.92348005e-01
0.54800000 3.01057970e-01
0.54820000 3.09874155e-01
0.54840000 3.18797966e-01
0.54860000 3.27653543e-01
0.54880000 3.36441590e-01
0.54900000 3.45161404e-01
0.54920000 3.53900210e-01
0.54940000 3.62482854e-01
0.54960000 3.71083786e-01
0.54980000 3.79527853e-01
0.55000000 3.88078138e-01
0.55020000 3.96526425e-01
0.55040000 4.04992297e-01
0.55060000 4.13297083e-01
0.55080000 4.21708087e-01
0.55100000 4.30135271e-01
0.55120000 4.38402071e-01
0.55140000 4.46419150e-01
0.55160000 4.54451705e-01
0.55180000 4.62232430e-01
0.55200000 4.69939997e-01
0.55220000 4.77572999e-01
0.55240000 4.85132141e-01
0.55260000 4.92706054e-01
0.55280000 5.00204700e-01
0.55300000 5.07539445e-01
0.55320000 5.14705365e-01
0.55340000 5.21615234e-01
0.55360000 5.28538467e-01
0.55380000 5.35385027e-01
0.55400000 5.41974128e-01
0.55420000 5.48481630e-01
0.55440000 5.54911754e-01
0.55460000 5.61082309e-01
0.55480000 5.67084040e-01
0.55500000 5.73005578e-01
0.55520000 5.78851146e-01
0.55540000 5.84435034e-01
0.55560000 5.89846580e-01
0.55580000 5.95268678e-01
0.55600000 6.00609880e-01
0.55620000 6.05865264e-01
0.55640000 6.10947601e-01
0.55660000 6.16039083e-01
0.55680000 6.21047559e-01
0.55700000 6.25882287e-01
0.55720000 6.30634008e-01
0.55740000 6.35210574e-01
0.55760000 6.39702727e-01
0.55780000 6.44203322e-01
0.55800000 6.48710950e-01
0.55820000 6.53222096e-01
0.55840000 6.57464529e-01
0.55860000 6.61714700e-01
0.55880000 6.65786197e-01
0.55900000 6.69864729e-01
0.55920000 6.73950295e-01
0.55940000 6.78042192e-01
0.55960000 6.81955416e-01
0.55980000 6.85874971e-01
0.56000000 6.89615149e-01
0.56020000 6.93071842e-01
0.56040000 6.96438495e-01
0.56060000 6.99622254e-01
0.56080000 7.02809530e-01
0.56100000 7.05906766e-01
0.56120000 7.09008927e-01
0.56140000 7.12111087e-01
0.56160000 7.15121800e-01
0.56180000 7.18048101e-01
0.56200000 7.20967368e-01
0.56220000 7.23893668e-01
0.56240000 7.26819969e-01
0.56260000 7.29654823e-01
0.56280000 7.32588158e-01
0.56300000 7.35430047e-01
0.56320000 7.38082007e-01
0.56340000 7.40832448e-01
0.56360000 7.43589924e-01
0.56380000 7.46347400e-01
0.56400000 7.49104876e-01
0.56420000 7.51862351e-01
0.56440000 7.54816790e-01
0.56460000 7.57679781e-01
0.56480000 7.60451326e-01
0.56500000 7.63222870e-01
0.56520000 7.65994415e-01
0.56540000 7.68864441e-01
0.56560000 7.71643019e-01
0.56580000 7.74330151e-01
0.56600000 7.77017283e-01
0.56620000 7.79711450e-01
0.56640000 7.82405616e-01
0.56660000 7.85008336e-01
0.56680000 7.87709537e-01
0.56700000 7.90312256e-01
0.56720000 7.92914975e-01
0.56740000 7.95616176e-01
0.56760000 7.98036002e-01
0.56780000 8.00645756e-01
0.56800000 8.03262544e-01
0.56820000 8.05682370e-01
0.56840000 8.08207711e-01
0.56860000 8.10824499e-01
0.56880000 8.13258394e-01
0.56900000 8.15783735e-01
0.56920000 8.18414592e-01
0.56940000 8.21228343e-01
0.56960000 8.23859200e-01
0.56980000 8.25821791e-01
0.57000000 8.30555927e-01
0.57020000 8.32525552e-01
0.57040000 8.35071997e-01
0.57060000 8.37519960e-01
0.57080000 8.39974958e-01
0.57100000 8.42619883e-01
0.57120000 8.45173362e-01
0.57140000 8.47529879e-01
0.57160000 8.50090392e-01
0.57180000 8.52552424e-01
0.57200000 8.54824527e-01
0.57220000 8.57096631e-01
0.57240000 8.59375769e-01
0.57260000 8.61457945e-01
0.57280000 8.63638602e-01
0.57300000 8.66016221e-01
0.57320000 8.68203913e-01
0.57340000 8.70300157e-01
0.57360000 8.72389367e-01
0.57380000 8.74584092e-01
0.57400000 8.76581856e-01
0.57420000 8.78579619e-01
0.57440000 8.80478900e-01
0.57460000 8.82385217e-01
0.57480000 8.84481461e-01
0.57500000 8.86387777e-01
0.57520000 8.88202646e-01
0.57540000 8.90017516e-01
0.57560000 8.91832385e-01
0.57580000 8.93844217e-01
0.57600000 8.95863083e-01
0.57620000 8.97684987e-01
0.57640000 8.99408409e-01
0.57660000 9.01040384e-01
0.57680000 9.02672360e-01
0.57700000 9.04205854e-01
0.57720000 9.05830795e-01
0.57740000 9.07364289e-01
0.57760000 9.08897783e-01
0.57780000 9.10234315e-01
0.57800000 9.11669328e-01
0.57820000 9.13012894e-01
0.57840000 9.14454941e-01
0.57860000 9.15805542e-01
0.57880000 9.17247589e-01
0.57900000 9.18499708e-01
0.57920000 9.19744793e-01
0.57940000 9.20891396e-01
0.57960000 9.21946553e-01
0.57980000 9.22994675e-01
0.58000000 9.24246794e-01
0.58020000 9.25400432e-01
0.58040000 9.26357107e-01
0.58060000 9.27419298e-01
0.58080000 9.28481489e-01
0.58100000 9.29536646e-01
0.58120000 9.30493321e-01
0.58140000 9.31253034e-01
0.58160000 9.32111228e-01
0.58180000 9.33067903e-01
0.58200000 9.33926097e-01
0.58220000 9.34692844e-01
0.58240000 9.35262628e-01
0.58260000 9.35832413e-01
0.58280000 9.36402198e-01
0.58300000 9.37070463e-01
0.58320000 9.37731695e-01
0.58340000 9.38392926e-01
0.58360000 9.39152639e-01
0.58380000 9.39912352e-01
0.58400000 9.40475102e-01
0.58420000 9.41143368e-01
0.58440000 9.41713152e-01
0.58460000 9.42282937e-01
0.58480000 9.42951203e-01
0.58500000 9.43520987e-01
0.58520000 9.43978222e-01
0.58540000 9.44442490e-01
0.58560000 9.44906759e-01
0.58580000 9.45371028e-01
0.58600000 9.46032260e-01
0.58620000 9.46693491e-01
0.58640000 9.47263276e-01
0.58660000 9.47833060e-01
0.58680000 9.48297329e-01
0.58700000 9.48670151e-01
0.58720000 9.49035939e-01
0.58740000 9.49598689e-01
0.58760000 9.50069992e-01
0.58780000 9.50632742e-01
0.58800000 9.51202527e-01
0.58820000 9.51765277e-01
0.58840000 9.52335061e-01
0.58860000 9.52897812e-01
0.58880000 9.53460562e-01
0.58900000 9.53931865e-01
0.58920000 9.54297653e-01
0.58940000 9.54761922e-01
0.58960000 9.55127709e-01
0.58980000 9.55591978e-01
0.59000000 9.56154728e-01
0.59020000 9.56717478e-01
0.59040000 9.57181747e-01
0.59060000 9.57547535e-01
0.59080000 9.57906288e-01
0.59100000 9.58574554e-01
0.59120000 9.59144338e-01
0.59140000 9.59714123e-01
0.59160000 9.60178392e-01
0.59180000 9.60649695e-01
0.59200000 9.61317961e-01
0.59220000 9.61880711e-01
0.59240000 9.62548977e-01
0.59260000 9.63111727e-01
0.59280000 9.63568962e-01
0.59300000 9.64131712e-01
0.59320000 9.65003974e-01
0.59340000 9.65672240e-01
0.59360000 9.66242025e-01
0.59380000 9.66811809e-01
0.59400000 9.67381594e-01
0.59420000 9.68049860e-01
0.59440000 9.68612610e-01
0.59460000 9.69182394e-01
0.59480000 9.69850660e-01
0.59500000 9.70518926e-01
0.59520000 9.71088711e-01
0.59540000 9.71658495e-01
0.59560000 9.72326761e-01
0.59580000 9.72995027e-01
0.59600000 9.73761774e-01
0.59620000 9.74542590e-01
0.59640000 9.75210855e-01
0.59660000 9.76090153e-01
0.59680000 9.76765453e-01
0.59700000 9.77546269e-01
0.59720000 9.78214534e-01
0.59740000 9.78777285e-01
0.59760000 9.79347069e-01
0.59780000 9.80015335e-01
0.59800000 9.80578085e-01
0.59820000 9.81358901e-01
0.59840000 9.82238198e-01
0.59860000 9.82906464e-01
0.59880000 9.83483283e-01
0.59900000 9.84158583e-01
0.59920000 9.84728368e-01
0.59940000 9.85396633e-01
0.59960000 9.85973452e-01
0.59980000 9.86437721e-01
0.60000000 9.87007506e-01
0.60020000 9.87176331e-01
0.60040000 9.87345156e-01
0.60060000 9.87513981e-01
0.60080000 9.87682806e-01
0.60100000 9.87851631e-01
0.60120000 9.87921975e-01
0.60140000 9.88097834e-01
0.60160000 9.88266659e-01
0.60180000 9.88442519e-01
0.60200000 9.88716859e-01
0.60220000 9.88892719e-01
0.60240000 9.89167059e-01
0.60260000 9.89237403e-01
0.60280000 9.89413263e-01
0.60300000 9.89476572e-01
0.60320000 9.89652431e-01
0.60340000 9.89926772e-01
0.60360000 9.89891600e-01
0.60380000 9.89757947e-01
0.60400000 9.89722775e-01
0.60420000 9.89793119e-01
0.60440000 9.89652431e-01
0.60460000 9.89617260e-01
0.60480000 9.89687603e-01
0.60500000 9.89856428e-01
0.60520000 9.89722775e-01
0.60540000 9.89490641e-01
0.60560000 9.89462503e-01
0.60580000 9.89328850e-01
0.60600000 9.89293678e-01
0.60620000 9.89160025e-01
0.60640000 9.88913822e-01
0.60660000 9.88773134e-01
0.60680000 9.88639481e-01
0.60700000 9.88498794e-01
0.60720000 9.88259625e-01
0.60740000 9.88125972e-01
0.60760000 9.87886803e-01
0.60780000 9.87647634e-01
0.60800000 9.87415500e-01
0.60820000 9.87176331e-01
0.60840000 9.86937162e-01
0.60860000 9.86803509e-01
0.60880000 9.86662821e-01
0.60900000 9.86430687e-01
0.60920000 9.86086002e-01
0.60940000 9.85642837e-01
0.60960000 9.85298152e-01
0.60980000 9.84953468e-01
0.61000000 9.84819814e-01
0.61020000 9.84475130e-01
0.61040000 9.84235961e-01
0.61060000 9.83996792e-01
0.61080000 9.83757624e-01
0.61100000 9.83412939e-01
0.61120000 9.82864258e-01
0.61140000 9.82519573e-01
0.61160000 9.82174889e-01
0.61180000 9.81830204e-01
0.61200000 9.81380004e-01
0.61220000 9.81035320e-01
0.61240000 9.80585119e-01
0.61260000 9.80036438e-01
0.61280000 9.79586238e-01
0.61300000 9.79136038e-01
0.61320000 9.78587356e-01
0.61340000 9.78031641e-01
0.61360000 9.77482959e-01
0.61380000 9.76927243e-01
0.61400000 9.76371528e-01
0.61420000 9.75928362e-01
0.61440000 9.75485196e-01
0.61460000 9.75042030e-01
0.61480000 9.74598865e-01
0.61500000 9.74148665e-01
0.61520000 9.73698464e-01
0.61540000 9.73248264e-01
0.61560000 9.73002061e-01
0.61580000 9.72657377e-01
0.61600000 9.72305658e-01
0.61620000 9.71855458e-01
0.61640000 9.71405257e-01
0.61660000 9.71159054e-01
0.61680000 9.70912851e-01
0.61700000 9.70561132e-01
0.61720000 9.70525960e-01
0.61740000 9.70483754e-01
0.61760000 9.70139070e-01
0.61780000 9.69892866e-01
0.61800000 9.69541148e-01
0.61820000 9.69294944e-01
0.61840000 9.68943226e-01
0.61860000 9.68802538e-01
0.61880000 9.68556335e-01
0.61900000 9.68408613e-01
0.61920000 9.68162410e-01
0.61940000 9.67916207e-01
0.61960000 9.67670003e-01
0.61980000 9.67416766e-01
0.62000000 9.67170563e-01
0.62020000 9.67029875e-01
0.62040000 9.66776637e-01
0.62060000 9.66424919e-01
0.62080000 9.65974718e-01
0.62100000 9.65826997e-01
0.62120000 9.65573759e-01
0.62140000 9.65320521e-01
0.62160000 9.65165765e-01
0.62180000 9.65116524e-01
0.62200000 9.64968803e-01
0.62220000 9.64926596e-01
0.62240000 9.64884390e-01
0.62260000 9.64947699e-01
0.62280000 9.65003974e-01
0.62300000 9.64961768e-01
0.62320000 9.64912528e-01
0.62340000 9.64863287e-01
0.62360000 9.64919562e-01
0.62380000 9.64870321e-01
0.62400000 9.65032112e-01
0.62420000 9.65088387e-01
0.62440000 9.65151696e-01
0.62460000 9.65313487e-01
0.62480000 9.65580793e-01
0.62500000 9.65953615e-01
0.62520000 9.66319403e-01
0.62540000 9.66579675e-01
0.62560000 9.66741466e-01
0.62580000 9.67107253e-01
0.62600000 9.67473041e-01
0.62620000 9.67726278e-01
0.62640000 9.67881035e-01
0.62660000 9.68239788e-01
0.62680000 9.68598541e-01
0.62700000 9.68851779e-01
0.62720000 9.69217566e-01
0.62740000 9.69681835e-01
0.62760000 9.70153138e-01
0.62780000 9.70518926e-01
0.62800000 9.70983195e-01
0.62820000 9.71447464e-01
0.62840000 9.71911733e-01
0.62860000 9.72270486e-01
0.62880000 9.72523723e-01
0.62900000 9.72987992e-01
0.62920000 9.73346746e-01
0.62940000 9.73705499e-01
0.62960000 9.74268249e-01
0.62980000 9.74732518e-01
0.63000000 9.75196787e-01
0.63020000 9.75555540e-01
0.63040000 9.76012774e-01
0.63060000 9.76371528e-01
0.63080000 9.76730281e-01
0.63100000 9.77089034e-01
0.63120000 9.77651784e-01
0.63140000 9.78418531e-01
0.63160000 9.79185278e-01
0.63180000 9.79740994e-01
0.63200000 9.80092713e-01
0.63220000 9.80655463e-01
0.63240000 9.81211179e-01
0.63260000 9.81668414e-01
0.63280000 9.82231164e-01
0.63300000 9.82688398e-01
0.63320000 9.83244114e-01
0.63340000 9.83806864e-01
0.63360000 9.84573611e-01
0.63380000 9.85234843e-01
0.63400000 9.85790558e-01
0.63420000 9.86240759e-01
0.63440000 9.86690959e-01
0.63460000 9.87246674e-01
0.63480000 9.87696875e-01
0.63500000 9.88351072e-01
0.63520000 9.88906787e-01
0.63540000 9.89349953e-01
0.63560000 9.89694638e-01
0.63580000 9.90046357e-01
0.63600000 9.90391041e-01
0.63620000 9.90834207e-01
0.63640000 9.91481369e-01
0.63660000 9.92234048e-01
0.63680000 9.92888245e-01
0.63700000 9.93429892e-01
0.63720000 9.93873058e-01
0.63740000 9.94527255e-01
0.63760000 9.95174417e-01
0.63780000 9.95723099e-01
0.63800000 9.96060749e-01
0.63820000 9.96503915e-01
0.63840000 9.97052596e-01
0.63860000 9.97495762e-01
0.63880000 9.97938928e-01
0.63900000 9.98375059e-01
0.63920000 9.98811190e-01
0.63940000 9.99043325e-01
0.63960000 9.99268425e-01
0.63980000 9.99599041e-01
0.64000000 9.99725659e-01
0.64020000 9.99845244e-01
0.64040000 9.99957794e-01
0.64060000 9.99971862e-01
0.64080000 9.99985931e-01
0.64100000 1.00000000e+00
0.64120000 9.99908553e-01
0.64140000 9.99817106e-01
0.64160000 9.99936691e-01
0.64180000 9.99845244e-01
0.64200000 9.99859312e-01
0.64220000 9.99655316e-01
0.64240000 9.99458353e-01
0.64260000 9.99359872e-01
0.64280000 9.99570903e-01
0.64300000 9.99788969e-01
0.64320000 9.99901519e-01
0.64340000 9.99803037e-01
0.64360000 9.99704556e-01
0.64380000 9.99606075e-01
0.64400000 9.99507594e-01
0.64420000 9.99296562e-01
0.64440000 9.99198081e-01
0.64460000 9.99092565e-01
0.64480000 9.98881534e-01
0.64500000 9.98776018e-01
0.64520000 9.98572021e-01
0.64540000 9.98255475e-01
0.64560000 9.97945962e-01
0.64580000 9.97734931e-01
0.64600000 9.97425418e-01
0.64620000 9.96996321e-01
0.64640000 9.96672740e-01
0.64660000 9.96454674e-01
0.64680000 9.96025577e-01
0.64700000 9.95694961e-01
0.64720000 9.95371380e-01
0.64740000 9.94942283e-01
0.64760000 9.94407670e-01
0.64780000 9.93978573e-01
0.64800000 9.93654992e-01
0.64820000 9.93120379e-01
0.64840000 9.92585767e-01
0.64860000 9.92058188e-01
0.64880000 9.91523576e-01
0.64900000 9.90883447e-01
0.64920000 9.90341800e-01
0.64940000 9.89793119e-01
0.64960000 9.89244438e-01
0.64980000 9.88913822e-01
0.65000000 9.88576172e-01
0.65020000 9.87844597e-01
0.65040000 9.86909024e-01
0.65060000 9.86184484e-01
0.65080000 9.85354427e-01
0.65100000 9.84735402e-01
0.65120000 9.83898311e-01
0.65140000 9.83068255e-01
0.65160000 9.82231164e-01
0.65180000 9.81190076e-01
0.65200000 9.79733960e-01
0.65220000 9.77968331e-01
0.65240000 9.75991671e-01
0.65260000 9.74331558e-01
0.65280000 9.73184955e-01
0.65300000 9.72558895e-01
0.65320000 9.72544827e-01
0.65340000 9.72833236e-01
0.65360000 9.73234196e-01
0.65380000 9.73107577e-01
0.65400000 9.72474483e-01
0.65420000 9.71327879e-01
0.65440000 9.69977279e-01
0.65460000 9.68725160e-01
0.65480000 9.67473041e-01
0.65500000 9.66431953e-01
0.65520000 9.65285350e-01
0.65540000 9.64131712e-01
0.65560000 9.62781111e-01
0.65580000 9.61324995e-01
0.65600000 9.59868879e-01
0.65620000 9.58623794e-01
0.65640000 9.57371675e-01
0.65660000 9.56126591e-01
0.65680000 9.54783025e-01
0.65700000 9.53432424e-01
0.65720000 9.52074789e-01
0.65740000 9.50520192e-01
0.65760000 9.49064076e-01
0.65780000 9.47502444e-01
0.65800000 9.46053363e-01
0.65820000 9.44604281e-01
0.65840000 9.42951203e-01
0.65860000 9.41509155e-01
0.65880000 9.39961592e-01
0.65900000 9.38217067e-01
0.65920000 9.36465507e-01
0.65940000 9.34819463e-01
0.65960000 9.33173418e-01
0.65980000 9.31428893e-01
0.66000000 9.29578852e-01
0.66020000 9.27524814e-01
0.66040000 9.25576291e-01
0.66060000 9.23627769e-01
0.66080000 9.21580765e-01
0.66100000 9.19435280e-01
0.66120000 9.17184280e-01
0.66140000 9.14940313e-01
0.66160000 9.12590831e-01
0.66180000 9.10149903e-01
0.66200000 9.07701939e-01
0.66220000 9.05268045e-01
0.66240000 9.02841185e-01
0.66260000 9.00407290e-01
0.66280000 8.97776433e-01
0.66300000 8.95054130e-01
0.66320000 8.92317757e-01
0.66340000 8.89686900e-01
0.66360000 8.86957562e-01
0.66380000 8.84136776e-01
0.66400000 8.81308957e-01
0.66420000 8.78396725e-01
0.66440000 8.75386011e-01
0.66460000 8.72276817e-01
0.66480000 8.69069141e-01
0.66500000 8.65770018e-01
0.66520000 8.62463861e-01
0.66540000 8.59059222e-01
0.66560000 8.55556103e-01
0.66580000 8.51961536e-01
0.66600000 8.48170007e-01
0.66620000 8.44188549e-01
0.66640000 8.40010130e-01
0.66660000 8.35944260e-01
0.66680000 8.31674393e-01
0.66700000 8.27214598e-01
0.66720000 8.22656321e-01
0.66740000 8.17908117e-01
0.66760000 8.12962950e-01
0.66780000 8.08123299e-01
0.66800000 8.03192200e-01
0.66820000 7.98169655e-01
0.66840000 7.93245591e-01
0.66860000 7.88131599e-01
0.66880000 7.83221604e-01
0.66900000 7.78121681e-01
0.66920000 7.73120239e-01
0.66940000 7.68315759e-01
0.66960000 7.63525348e-01
0.66980000 7.58833419e-01
0.67000000 7.54247005e-01
0.67020000 7.49759073e-01
0.67040000 7.45573618e-01
0.67060000 7.41395198e-01
0.67080000 7.37512222e-01
0.67100000 7.33636281e-01
0.67120000 7.29865854e-01
0.67140000 7.26193910e-01
0.67160000 7.22915890e-01
0.67180000 7.19736352e-01
0.67200000 7.16852257e-01
0.67220000 7.14172159e-01
0.67240000 7.11590543e-01
0.67260000 7.09212924e-01
0.67280000 7.07025232e-01
0.67300000 7.05132985e-01
0.67320000 7.03431369e-01
0.67340000 7.01733270e-01
0.67360000 7.00133653e-01
0.67380000 6.98633221e-01
0.67400000 6.97230566e-01
0.67420000 6.95927096e-01
0.67440000 6.94721403e-01
0.67460000 6.93516415e-01
0.67480000 6.92506982e-01
0.67500000 6.91400474e-01
0.67520000 6.90296077e-01
0.67540000 6.89289458e-01
0.67560000 6.88090096e-01
0.67580000 6.86891438e-01
0.67600000 6.85790558e-01
0.67620000 6.84783236e-01
0.67640000 6.83872987e-01
0.67660000 6.83059110e-01
0.67680000 6.82438678e-01
0.67700000 6.81914617e-01
0.67720000 6.81779557e-01
0.67740000 6.81740164e-01
0.67760000 6.82084145e-01
0.67780000 6.82619461e-01
0.67800000 6.83536041e-01
0.67820000 6.84735402e-01
0.67840000 6.86219655e-01
0.67860000 6.88275804e-01
0.67880000 6.90806069e-01
0.67900000 6.93619820e-01
0.67920000 6.96715649e-01
0.67940000 7.00380560e-01
0.67960000 7.04422513e-01
0.67980000 7.08931548e-01
0.68000000 7.14108850e-01
0.68020000 7.19363530e-01
0.68040000 7.25096547e-01
0.68060000 7.31385280e-01
0.68080000 7.38053869e-01
0.68100000 7.45081212e-01
0.68120000 7.52298483e-01
0.68140000 7.59790094e-01
0.68160000 7.67556046e-01
0.68180000 7.75019520e-01
0.68200000 7.83052779e-01
0.68220000 7.91254863e-01
0.68240000 7.99639840e-01
0.68260000 8.08017783e-01
0.68280000 8.16093248e-01
0.68300000 8.23880303e-01
0.68320000 8.31090539e-01
0.68340000 8.37632510e-01
0.68360000 8.43506215e-01
0.68380000 8.48521726e-01
0.68400000 8.52496149e-01
0.68420000 8.55345071e-01
0.68440000 8.56962978e-01
0.68460000 8.57265456e-01
0.68480000 8.55971131e-01
0.68500000 8.52988555e-01
0.68520000 8.48050422e-01
0.68540000 8.41241145e-01
0.68560000 8.32469277e-01
0.68580000 8.21847368e-01
0.68600000 8.09269902e-01
0.68620000 7.94652467e-01
0.68640000 7.78283471e-01
0.68660000 7.60247329e-01
0.68680000 7.40565142e-01
0.68700000 7.19222842e-01
0.68720000 6.96336496e-01
0.68740000 6.72174115e-01
0.68760000 6.47019183e-01
0.68780000 6.20967368e-01
0.68800000 5.94390084e-01
0.68820000 5.69053665e-01
0.68840000 5.41708228e-01
0.68860000 5.14582967e-01
0.68880000 4.87677178e-01
0.68900000 4.61175163e-01
0.68920000 4.35354075e-01
0.68940000 4.10213212e-01
0.68960000 3.86119767e-01
0.68980000 3.62887330e-01
0.69000000 3.40238043e-01
0.69020000 3.18537694e-01
0.69040000 2.97970582e-01
0.69060000 2.78442448e-01
0.69080000 2.59951885e-01
0.69100000 2.42496078e-01
0.69120000 2.26075029e-01
0.69140000 2.10868816e-01
0.69160000 1.96599582e-01
0.69180000 1.84091053e-01
0.69200000 1.71506553e-01
0.69220000 1.59946257e-01
0.69240000 1.49224460e-01
0.69260000 1.39248306e-01
0.69280000 1.29924943e-01
0.69300000 1.21435154e-01
0.69320000 1.13413854e-01
0.69340000 1.06132570e-01
0.69360000 9.94084089e-02
0.69380000 9.31471099e-02
0.69400000 8.73500798e-02
0.69420000 8.19146167e-02
0.69440000 7.68132865e-02
0.69460000 7.21642668e-02
0.69480000 6.77751672e-02
0.69500000 6.37277274e-02
0.69520000 5.99667977e-02
0.69540000 5.64100760e-02
0.69560000 5.31116567e-02
0.69580000 5.00528282e-02
0.69600000 4.71699294e-02
0.69620000 4.44627495e-02
0.69640000 4.19217215e-02
0.69660000 3.95464937e-02
0.69680000 3.73547929e-02
0.69700000 3.53282592e-02
0.69720000 3.33764306e-02
0.69740000 3.16072848e-02
0.69760000 2.99123517e-02
0.69800000 2.84534219e-02
0.69900000 2.48220654e-02
0.69980000 2.19333282e-02
0.70000000 2.08648767e-02
0.70020000 1.98450327e-02
0.70040000 1.88806196e-02
0.70060000 1.79625630e-02
0.70080000 1.70907927e-02
0.70100000 1.62562342e-02
0.70120000 1.54764735e-02
0.70140000 1.47337137e-02
0.70160000 1.40366772e-02
0.70180000 1.33587040e-02
0.70200000 1.27262432e-02
0.70220000 1.21127751e-02
0.70240000 1.15358155e-02
0.70260000 1.09952940e-02
0.70280000 1.04733432e-02
0.70300000 9.97882653e-03
0.70320000 9.50295092e-03
0.70340000 9.06309133e-03
0.70360000 8.63990321e-03
0.70380000 8.24119472e-03
0.70400000 7.86077561e-03
0.70420000 7.49941966e-03
0.70440000 7.15888547e-03
0.70460000 6.83645777e-03
0.70480000 6.52687484e-03
0.70500000 6.23271126e-03
0.70520000 5.95570453e-03
0.70540000 5.77760114e-03
0.70560000 5.52590409e-03
0.70580000 5.28771305e-03
0.70600000 5.06385807e-03
0.70620000 4.85171533e-03
0.70640000 4.64949810e-03
0.70660000 4.45718526e-03
0.70680000 4.27561393e-03
0.70700000 4.10734459e-03
0.70720000 3.94889525e-03
0.70740000 3.79936550e-03
0.70760000 3.66045766e-03
0.70780000 3.52610809e-03
0.70800000 3.39632383e-03
0.70820000 3.27365133e-03
0.70840000 3.16065110e-03
0.70860000 3.05301107e-03
0.70880000 2.94900077e-03
0.70900000 2.84860614e-03
0.70920000 2.75355060e-03
0.70940000 2.66465718e-03
0.70960000 2.57592555e-03
0.70980000 2.49076738e-03
0.71000000 2.41088499e-03
0.71020000 2.33370381e-03
0.71040000 2.26091911e-03
0.71060000 2.18911923e-03
0.71080000 2.11830415e-03
0.71100000 2.05016214e-03
0.71120000 1.98468616e-03
0.71140000 1.92103208e-03
0.71160000 1.85918584e-03
0.71180000 1.79998452e-03
0.71200000 1.74174692e-03
0.71220000 1.68529604e-03
0.71240000 1.62980184e-03
0.71260000 1.57693146e-03
0.71280000 1.52499666e-03
0.71300000 1.47316737e-03
0.71320000 1.42479899e-03
0.71340000 1.37818921e-03
0.71360000 1.33250797e-03
0.71380000 1.28858532e-03
0.71400000 1.24642126e-03
0.71420000 1.20682475e-03
0.71440000 1.16814271e-03
0.71460000 1.12953102e-03
0.71480000 1.09098967e-03
0.71500000 1.05419284e-03
0.71520000 1.01912647e-03
0.71540000 9.85783524e-04
0.71560000 9.52510921e-04
0.71580000 9.20954706e-04
0.71600000 8.90284822e-04
0.71620000 8.60494235e-04
0.71640000 8.31589980e-04
0.71660000 8.04141841e-04
0.71680000 7.77157971e-04
0.71700000 7.50968985e-04
0.71720000 7.25736675e-04
0.71740000 7.01457523e-04
0.71760000 6.79028412e-04
0.71780000 6.58528127e-04
0.71800000 6.38475932e-04
0.71820000 6.18621403e-04
0.71840000 5.99622254e-04
0.71860000 5.81557974e-04
0.71880000 5.64670545e-04
0.71900000 5.48304363e-04
0.71920000 5.33031324e-04
0.71940000 5.18927398e-04
0.71960000 5.04848796e-04
0.71980000 4.91121913e-04
0.72000000 4.78232824e-04
0.72020000 4.66097117e-04
0.72040000 4.54470698e-04
0.72060000 4.43836831e-04
0.72080000 4.33627136e-04
0.72100000 4.23194451e-04
0.72120000 4.12861655e-04
0.72140000 4.03032520e-04
0.72160000 3.93704936e-04
0.72180000 3.84957688e-04
0.72200000 3.76227323e-04
0.72220000 3.67675631e-04
0.72240000 3.59541781e-04
0.72260000 3.51182127e-04
0.72280000 3.42837949e-04
0.72300000 3.35309055e-04
0.72320000 3.28192376e-04
0.72340000 3.20849190e-04
0.72360000 3.13360392e-04
0.72380000 3.06681955e-04
0.72400000 2.99539248e-04
0.72420000 2.92252337e-04
0.72440000 2.85535211e-04
0.72460000 2.78751257e-04
0.72480000 2.71979966e-04
0.72500000 2.65537884e-04
0.72520000 2.59346225e-04
0.72540000 2.53718723e-04
0.72560000 2.48339535e-04
0.72580000 2.42733137e-04
0.72600000 2.37137290e-04
0.72620000 2.31788350e-04
0.72640000 2.26686316e-04
0.72660000 2.21592724e-04
0.72680000 2.16430194e-04
0.72700000 2.11826898e-04
0.72720000 2.07077287e-04
0.72740000 2.01787435e-04
