# wave[microns]    norm_trans
0.66000000 2.14237387e-04
0.66100000 2.36808194e-04
0.66200000 2.66609070e-04
0.66300000 3.01571754e-04
0.66400000 3.43491793e-04
0.66500000 3.86748342e-04
0.66600000 4.37431691e-04
0.66700000 4.95368009e-04
0.66800000 5.65429734e-04
0.66900000 6.36762394e-04
0.67000000 7.38116601e-04
0.67100000 8.37717938e-04
0.67200000 9.76112458e-04
0.67300000 1.11770461e-03
0.67400000 1.31009358e-03
0.67500000 1.51045581e-03
0.67600000 1.78005850e-03
0.67700000 2.07968065e-03
0.67800000 2.47795901e-03
0.67900000 2.91893495e-03
0.68000000 3.50349221e-03
0.68100000 4.15660293e-03
0.68200000 5.04889092e-03
0.68300000 6.00461117e-03
0.68400000 7.40271258e-03
0.68500000 8.84305357e-03
0.68600000 1.09412830e-02
0.68700000 1.31542297e-02
0.68800000 1.63256342e-02
0.68900000 1.94779902e-02
0.69000000 2.13643035e-02
0.69100000 2.63421844e-02
0.69200000 3.27108076e-02
0.69300000 4.01149150e-02
0.69400000 4.93045768e-02
0.69500000 6.00119703e-02
0.69600000 7.31463189e-02
0.69700000 8.81164972e-02
0.69800000 1.06246422e-01
0.69900000 1.26449189e-01
0.70000000 1.50321117e-01
0.70100000 1.76173871e-01
0.70200000 2.05708278e-01
0.70300000 2.37238084e-01
0.70400000 2.71992589e-01
0.70500000 3.08152304e-01
0.70600000 3.46960061e-01
0.70700000 3.85509675e-01
0.70800000 4.28127114e-01
0.70900000 4.67864392e-01
0.71000000 5.10770160e-01
0.71100000 5.49720519e-01
0.71200000 5.91311634e-01
0.71300000 6.28388379e-01
0.71400000 6.66190630e-01
0.71500000 6.99292190e-01
0.71600000 7.33861415e-01
0.71700000 7.62991954e-01
0.71800000 7.92787626e-01
0.71900000 8.16978068e-01
0.72000000 8.41755577e-01
0.72100000 8.61628379e-01
0.72200000 8.82096574e-01
0.72300000 8.98463636e-01
0.72400000 9.14846312e-01
0.72500000 9.26863466e-01
0.72600000 9.40436760e-01
0.72700000 9.50921714e-01
0.72800000 9.60972614e-01
0.72900000 9.67853983e-01
0.73000000 9.75336990e-01
0.73100000 9.80729877e-01
0.73200000 9.86294511e-01
0.73300000 9.90101071e-01
0.73400000 9.93763987e-01
0.73500000 9.95518939e-01
0.73600000 9.98199248e-01
0.73700000 9.99565946e-01
0.73800000 9.99896951e-01
0.73900000 9.99693976e-01
0.74000000 9.99994796e-01
0.74100000 9.98184676e-01
0.74200000 9.97275973e-01
0.74300000 9.95960279e-01
0.74400000 9.93100936e-01
0.74500000 9.90311332e-01
0.74600000 9.88065077e-01
0.74700000 9.84888260e-01
0.74800000 9.80593519e-01
0.74900000 9.77223095e-01
0.75000000 9.73787095e-01
0.75100000 9.69855628e-01
0.75200000 9.66031373e-01
0.75300000 9.60618709e-01
0.75400000 9.56218838e-01
0.75500000 9.52220753e-01
0.75600000 9.47641848e-01
0.75700000 9.42194835e-01
0.75800000 9.36866484e-01
0.75900000 9.31655755e-01
0.76000000 9.26175433e-01
0.76100000 9.21960841e-01
0.76200000 9.17373609e-01
0.76300000 9.11472765e-01
0.76400000 9.06354675e-01
0.76500000 9.02380531e-01
0.76600000 8.97201028e-01
0.76700000 8.91669703e-01
0.76800000 8.86900313e-01
0.76900000 8.82608696e-01
0.77000000 8.77962132e-01
0.77100000 8.73513339e-01
0.77200000 8.69078078e-01
0.77300000 8.65017539e-01
0.77400000 8.60876851e-01
0.77500000 8.56390586e-01
0.77600000 8.52629826e-01
0.77700000 8.49231298e-01
0.77800000 8.45571504e-01
0.77900000 8.41569256e-01
0.78000000 8.38012512e-01
0.78100000 8.34290264e-01
0.78200000 8.31694268e-01
0.78300000 8.27896035e-01
0.78400000 8.24788958e-01
0.78500000 8.21770357e-01
0.78600000 8.19512652e-01
0.78700000 8.15819550e-01
0.78800000 8.12637528e-01
0.78900000 8.10374619e-01
0.79000000 8.06945905e-01
0.79100000 8.03854441e-01
0.79200000 8.01011752e-01
0.79300000 7.98005642e-01
0.79400000 7.94597745e-01
0.79500000 7.92406658e-01
0.79600000 7.89649322e-01
0.79700000 7.86173767e-01
0.79800000 7.82863715e-01
0.79900000 7.80273964e-01
0.80000000 7.77053429e-01
0.80100000 7.72101883e-01
0.80200000 7.67390784e-01
0.80300000 7.62068678e-01
0.80400000 7.56912075e-01
0.80500000 7.50933164e-01
0.80600000 7.46405263e-01
0.80700000 7.40165086e-01
0.80800000 7.35578895e-01
0.80900000 7.29381395e-01
0.81000000 7.24303900e-01
0.81100000 7.17935693e-01
0.81200000 7.12101467e-01
0.81300000 7.06432742e-01
0.81400000 7.00078067e-01
0.81500000 6.94666445e-01
0.81600000 6.88298238e-01
0.81700000 6.82791893e-01
0.81800000 6.76346660e-01
0.81900000 6.69392429e-01
0.82000000 6.64368019e-01
0.82100000 6.58153865e-01
0.82200000 6.52370643e-01
0.82300000 6.46350095e-01
0.82400000 6.40032892e-01
0.82500000 6.34398518e-01
0.82600000 6.28596559e-01
0.82700000 6.22948653e-01
0.82800000 6.17769150e-01
0.82900000 6.11730907e-01
0.83000000 6.07400777e-01
0.83100000 6.02091162e-01
0.83200000 5.97717313e-01
0.83300000 5.92019444e-01
0.83400000 5.87250055e-01
0.83500000 5.82194419e-01
0.83600000 5.80756940e-01
0.83700000 5.78530462e-01
0.83800000 5.77519751e-01
0.83900000 5.75488961e-01
0.84000000 5.74720779e-01
0.84100000 5.72821143e-01
0.84200000 5.70785148e-01
0.84300000 5.70055480e-01
0.84400000 5.67630190e-01
0.84500000 5.66103195e-01
0.84600000 5.63811140e-01
0.84700000 5.60990309e-01
0.84800000 5.59003237e-01
0.84900000 5.55812888e-01
0.85000000 5.52834883e-01
0.85100000 5.49243788e-01
0.85200000 5.45255072e-01
0.85300000 5.40818769e-01
0.85400000 5.35391533e-01
0.85500000 5.30354634e-01
0.85600000 5.24125907e-01
0.85700000 5.17966920e-01
0.85800000 5.11554996e-01
0.85900000 5.03874218e-01
0.86000000 4.96118496e-01
0.86100000 4.88876976e-01
0.86200000 4.80395749e-01
0.86300000 4.72116456e-01
0.86400000 4.63252178e-01
0.86500000 4.54281729e-01
0.86600000 4.45695371e-01
0.86700000 4.36388713e-01
0.86800000 4.27092463e-01
0.86900000 4.18519637e-01
0.87000000 4.09902052e-01
0.87100000 4.00085354e-01
0.87200000 3.92991642e-01
0.87300000 3.84497923e-01
0.87400000 3.77743544e-01
0.87500000 3.70784108e-01
0.87600000 3.64355529e-01
0.87700000 3.58885616e-01
0.87800000 3.53298082e-01
0.87900000 3.48982523e-01
0.88000000 3.45107264e-01
0.88100000 3.41757658e-01
0.88200000 3.39580102e-01
0.88300000 3.37945894e-01
0.88400000 3.36657264e-01
0.88500000 3.37084032e-01
0.88600000 3.36728045e-01
0.88700000 3.37865745e-01
0.88800000 3.38802552e-01
0.88900000 3.40877060e-01
0.89000000 3.42293720e-01
0.89100000 3.44204807e-01
0.89200000 3.44593061e-01
0.89300000 3.45611058e-01
0.89400000 3.43680195e-01
0.89500000 3.40998845e-01
0.89600000 3.34949152e-01
0.89700000 3.25384351e-01
0.89800000 3.13349502e-01
0.89900000 2.96528609e-01
0.90000000 2.77661313e-01
0.90100000 2.54686638e-01
0.90200000 2.32079400e-01
0.90300000 2.06861592e-01
0.90400000 1.83483049e-01
0.90500000 1.59410228e-01
0.90600000 1.38583964e-01
0.90700000 1.18053315e-01
0.90800000 1.01133641e-01
0.90900000 8.52106255e-02
0.91000000 7.20612880e-02
0.91100000 5.99889665e-02
0.91200000 5.04384257e-02
0.91300000 4.15286611e-02
0.91400000 3.46577011e-02
0.91500000 2.83143717e-02
0.91600000 2.34010263e-02
0.91700000 2.19180606e-02
0.91800000 2.04595560e-02
0.91900000 1.90255124e-02
0.92000000 1.76163462e-02
0.92100000 1.62321616e-02
0.92200000 1.48731667e-02
0.92300000 1.35394656e-02
0.92400000 1.22312665e-02
0.92500000 1.09487775e-02
0.92600000 9.69074955e-03
0.92700000 8.45915000e-03
0.92800000 7.25419742e-03
0.92900000 6.36874811e-03
0.93000000 5.68354654e-03
0.93100000 5.01646699e-03
0.93200000 4.49947435e-03
0.93300000 3.98837318e-03
0.93400000 3.58341227e-03
0.93500000 3.19068189e-03
0.93600000 2.87398903e-03
0.93700000 2.56703896e-03
0.93800000 2.31455902e-03
0.93900000 2.07361222e-03
0.94000000 1.88245152e-03
0.94100000 1.68705437e-03
0.94200000 1.53100311e-03
0.94300000 1.38446566e-03
0.94400000 1.25728888e-03
0.94500000 1.14242591e-03
0.94600000 1.03898679e-03
0.94700000 9.45377898e-04
0.94800000 8.62624517e-04
0.94900000 7.84218963e-04
0.95000000 7.13817906e-04
0.95100000 6.56414527e-04
0.95200000 6.03212208e-04
0.95300000 5.50487660e-04
0.95400000 5.10134172e-04
0.95500000 4.65661854e-04
0.95600000 4.30011138e-04
0.95700000 3.94675813e-04
0.95800000 3.67301267e-04
0.95900000 3.35818301e-04
0.96000000 3.12939389e-04
0.96100000 2.86374660e-04
0.96200000 2.66941116e-04
0.96300000 2.46402140e-04
0.96400000 2.30666903e-04
0.96500000 2.12569870e-04
