3530.000000 3.08024447e-04
3540.000000 6.22020955e-04
3550.000000 1.18169965e-03
3560.000000 2.10926659e-03
3570.000000 3.53540163e-03
3580.000000 5.57922002e-03
3590.000000 8.23356228e-03
3600.000000 1.07990570e-02
3610.000000 1.21490105e-02
3620.000000 1.35132712e-02
3630.000000 1.48931315e-02
3640.000000 1.62874272e-02
3642.000000 1.73213038e-02
3644.000000 1.84440047e-02
3646.000000 1.95784633e-02
3648.000000 2.06946449e-02
3650.000000 2.18615832e-02
3652.000000 2.30536671e-02
3654.000000 2.42656577e-02
3656.000000 2.55197905e-02
3658.000000 2.69826542e-02
3660.000000 2.84752037e-02
3662.000000 2.99998836e-02
3664.000000 3.15926659e-02
3666.000000 3.32349243e-02
3668.000000 3.49946449e-02
3670.000000 3.67342258e-02
3672.000000 3.85076834e-02
3674.000000 4.03909197e-02
3676.000000 4.23356228e-02
3678.000000 4.42589057e-02
3680.000000 4.62518044e-02
3682.000000 4.84213038e-02
3684.000000 5.06123399e-02
3686.000000 5.27824214e-02
3688.000000 5.49840512e-02
3690.000000 5.73494761e-02
3692.000000 5.97697322e-02
3694.000000 6.22345751e-02
3696.000000 6.47725262e-02
3698.000000 6.73271246e-02
3700.000000 6.98647264e-02
3702.000000 7.24417928e-02
3704.000000 7.50924331e-02
3706.000000 7.77827707e-02
3708.000000 8.04789290e-02
3710.000000 8.32548312e-02
3712.000000 8.59855646e-02
3714.000000 8.86880093e-02
3716.000000 9.13392317e-02
3718.000000 9.41559953e-02
3720.000000 9.70759022e-02
3722.000000 9.97905704e-02
3724.000000 1.02574040e-01
3726.000000 1.05334808e-01
3728.000000 1.08084284e-01
3730.000000 1.10851106e-01
3732.000000 1.13623865e-01
3734.000000 1.16426077e-01
3736.000000 1.19314319e-01
3738.000000 1.22087311e-01
3740.000000 1.24756694e-01
3742.000000 1.27507567e-01
3744.000000 1.30124563e-01
3746.000000 1.32793946e-01
3748.000000 1.35405122e-01
3750.000000 1.37956927e-01
3752.000000 1.40533178e-01
3754.000000 1.43067520e-01
3756.000000 1.45648428e-01
3758.000000 1.48257276e-01
3760.000000 1.50742724e-01
3762.000000 1.53251455e-01
3764.000000 1.55735739e-01
3766.000000 1.58189756e-01
3768.000000 1.60519208e-01
3770.000000 1.62889406e-01
3772.000000 1.65388824e-01
3774.000000 1.67981374e-01
3776.000000 1.70450524e-01
3778.000000 1.72864959e-01
3780.000000 1.75391153e-01
3782.000000 1.77874272e-01
3784.000000 1.80183935e-01
3786.000000 1.82653085e-01
3788.000000 1.85233993e-01
3790.000000 1.87749709e-01
3792.000000 1.90280559e-01
3794.000000 1.92804424e-01
3796.000000 1.95345751e-01
3798.000000 1.97903376e-01
3800.000000 2.00502910e-01
3802.000000 2.03268917e-01
3804.000000 2.06053551e-01
3806.000000 2.08682189e-01
3808.000000 2.11154831e-01
3810.000000 2.13906868e-01
3812.000000 2.16670547e-01
3814.000000 2.19438882e-01
3816.000000 2.22146682e-01
3818.000000 2.24951106e-01
3820.000000 2.27934808e-01
3822.000000 2.30996508e-01
3824.000000 2.34105937e-01
3826.000000 2.37222352e-01
3828.000000 2.40125728e-01
3830.000000 2.43139697e-01
3832.000000 2.46309662e-01
3834.000000 2.49462165e-01
3836.000000 2.52640279e-01
3838.000000 2.55756694e-01
3840.000000 2.58830035e-01
3842.000000 2.62032596e-01
3844.000000 2.65301513e-01
3846.000000 2.68675204e-01
3848.000000 2.71987194e-01
3850.000000 2.75172293e-01
3852.000000 2.78600698e-01
3854.000000 2.82060536e-01
3856.000000 2.85428405e-01
3858.000000 2.88876601e-01
3860.000000 2.92492433e-01
3862.000000 2.95920838e-01
3864.000000 2.99289872e-01
3866.000000 3.02713620e-01
3868.000000 3.06008149e-01
3870.000000 3.09196740e-01
3872.000000 3.12504075e-01
3874.000000 3.16040745e-01
3876.000000 3.19497090e-01
3878.000000 3.22679860e-01
3880.000000 3.25912689e-01
3882.000000 3.29150175e-01
3884.000000 3.32518044e-01
3886.000000 3.35629802e-01
3888.000000 3.38760186e-01
3890.000000 3.42065192e-01
3892.000000 3.45088475e-01
3894.000000 3.48223516e-01
3896.000000 3.51414435e-01
3898.000000 3.54246799e-01
3900.000000 3.57097788e-01
3902.000000 3.60108265e-01
3904.000000 3.63161816e-01
3906.000000 3.66164144e-01
3908.000000 3.68686845e-01
3910.000000 3.71169965e-01
3912.000000 3.73881257e-01
3914.000000 3.76440047e-01
3916.000000 3.78622817e-01
3918.000000 3.81114086e-01
3920.000000 3.83908033e-01
3922.000000 3.86487776e-01
3924.000000 3.88856810e-01
3926.000000 3.91088475e-01
3928.000000 3.93018626e-01
3930.000000 3.95335274e-01
3932.000000 3.97667055e-01
3934.000000 3.99761350e-01
3936.000000 4.01614668e-01
3938.000000 4.03606519e-01
3940.000000 4.05735739e-01
3942.000000 4.07831199e-01
3944.000000 4.09866123e-01
3946.000000 4.11511059e-01
3948.000000 4.12991851e-01
3950.000000 4.14952270e-01
3952.000000 4.17044237e-01
3954.000000 4.18861467e-01
3956.000000 4.20396973e-01
3958.000000 4.21721769e-01
3960.000000 4.23345751e-01
3962.000000 4.25317811e-01
3964.000000 4.26915017e-01
3966.000000 4.28275902e-01
3968.000000 4.30027939e-01
3970.000000 4.31841676e-01
3972.000000 4.33318976e-01
3974.000000 4.34465658e-01
3976.000000 4.35986030e-01
3978.000000 4.37697322e-01
3980.000000 4.39471478e-01
3982.000000 4.41073341e-01
3984.000000 4.42704307e-01
3986.000000 4.44206054e-01
3988.000000 4.45592549e-01
3990.000000 4.47080326e-01
3992.000000 4.48648428e-01
3994.000000 4.50343423e-01
3996.000000 4.52114086e-01
3998.000000 4.53940629e-01
4000.000000 4.55703143e-01
4002.000000 4.57039581e-01
4004.000000 4.58309662e-01
4006.000000 4.59302678e-01
4008.000000 4.60465658e-01
4010.000000 4.61774156e-01
4012.000000 4.63026775e-01
4014.000000 4.64080326e-01
4016.000000 4.65067520e-01
4018.000000 4.66502910e-01
4020.000000 4.68043073e-01
4022.000000 4.69275902e-01
4024.000000 4.70337602e-01
4026.000000 4.71608847e-01
4028.000000 4.72946449e-01
4030.000000 4.74203725e-01
4032.000000 4.75246799e-01
4034.000000 4.76828871e-01
4036.000000 4.78490105e-01
4038.000000 4.79571595e-01
4040.000000 4.80889406e-01
4042.000000 4.82578580e-01
4044.000000 4.84181607e-01
4046.000000 4.85513388e-01
4048.000000 4.86562282e-01
4050.000000 4.87452852e-01
4052.000000 4.88793946e-01
4054.000000 4.90462165e-01
4056.000000 4.92202561e-01
4058.000000 4.93640279e-01
4060.000000 4.94643772e-01
4062.000000 4.95714785e-01
4064.000000 4.97114086e-01
4066.000000 4.98519208e-01
4068.000000 4.99884750e-01
4070.000000 5.01158324e-01
4072.000000 5.02445867e-01
4074.000000 5.03891735e-01
4076.000000 5.05197905e-01
4078.000000 5.06175786e-01
4080.000000 5.06995343e-01
4082.000000 5.07962747e-01
4084.000000 5.09165308e-01
4086.000000 5.10689173e-01
4088.000000 5.12251455e-01
4090.000000 5.13157159e-01
4092.000000 5.13969732e-01
4094.000000 5.15017462e-01
4096.000000 5.16138533e-01
4098.000000 5.16896391e-01
4100.000000 5.17740396e-01
4102.000000 5.18596042e-01
4104.000000 5.19320140e-01
4106.000000 5.20214203e-01
4108.000000 5.21121071e-01
4110.000000 5.21740396e-01
4112.000000 5.22724098e-01
4114.000000 5.23838184e-01
4116.000000 5.24493597e-01
4118.000000 5.25017462e-01
4120.000000 5.25345751e-01
4122.000000 5.25731083e-01
4124.000000 5.26259604e-01
4126.000000 5.26671711e-01
4128.000000 5.27003492e-01
4130.000000 5.27701979e-01
4132.000000 5.28359721e-01
4134.000000 5.28735739e-01
4136.000000 5.28863795e-01
4138.000000 5.28880093e-01
4140.000000 5.29249127e-01
4142.000000 5.29792782e-01
4144.000000 5.29722934e-01
4146.000000 5.29830035e-01
4148.000000 5.30301513e-01
4150.000000 5.30675204e-01
4152.000000 5.30747381e-01
4154.000000 5.30506403e-01
4156.000000 5.30258440e-01
4158.000000 5.30057043e-01
4160.000000 5.30173458e-01
4162.000000 5.30271246e-01
4164.000000 5.30211874e-01
4166.000000 5.30243306e-01
4168.000000 5.30274738e-01
4170.000000 5.30202561e-01
4172.000000 5.30202561e-01
4174.000000 5.29982538e-01
4176.000000 5.29605355e-01
4178.000000 5.29417928e-01
4180.000000 5.29613504e-01
4182.000000 5.29216531e-01
4184.000000 5.28891735e-01
4186.000000 5.28930151e-01
4188.000000 5.28833527e-01
4190.000000 5.28721769e-01
4192.000000 5.28731083e-01
4194.000000 5.28583236e-01
4196.000000 5.28618161e-01
4198.000000 5.28288708e-01
4200.000000 5.27686845e-01
4202.000000 5.27789290e-01
4204.000000 5.27918510e-01
4206.000000 5.28436554e-01
4208.000000 5.29189756e-01
4210.000000 5.29331781e-01
4212.000000 5.29369034e-01
4214.000000 5.29823050e-01
4216.000000 5.30211874e-01
4218.000000 5.30419092e-01
4220.000000 5.30494761e-01
4222.000000 5.30945285e-01
4224.000000 5.31487776e-01
4226.000000 5.31892899e-01
4228.000000 5.32554133e-01
4230.000000 5.33077998e-01
4232.000000 5.33110594e-01
4234.000000 5.33410943e-01
4236.000000 5.34072177e-01
4238.000000 5.34694994e-01
4240.000000 5.35173458e-01
4242.000000 5.35792782e-01
4244.000000 5.36215367e-01
4246.000000 5.36710128e-01
4248.000000 5.37389988e-01
4250.000000 5.38030268e-01
4252.000000 5.38848661e-01
4254.000000 5.39732247e-01
4256.000000 5.40373690e-01
4258.000000 5.41088475e-01
4260.000000 5.41749709e-01
4262.000000 5.42856810e-01
4264.000000 5.43924331e-01
4266.000000 5.44887078e-01
4268.000000 5.45937136e-01
4270.000000 5.46399302e-01
4272.000000 5.47292200e-01
4274.000000 5.48548312e-01
4276.000000 5.49633295e-01
4278.000000 5.50599534e-01
4280.000000 5.51541327e-01
4282.000000 5.52472643e-01
4284.000000 5.53583236e-01
4286.000000 5.54548312e-01
4288.000000 5.55786962e-01
4290.000000 5.56939464e-01
4292.000000 5.58305006e-01
4294.000000 5.59897555e-01
4296.000000 5.61005821e-01
4298.000000 5.61935972e-01
4300.000000 5.63279395e-01
4302.000000 5.64671711e-01
4304.000000 5.65747381e-01
4306.000000 5.66869616e-01
4308.000000 5.68152503e-01
4310.000000 5.69182771e-01
4312.000000 5.70327125e-01
4314.000000 5.71712456e-01
4316.000000 5.73018626e-01
4318.000000 5.74165308e-01
4320.000000 5.75287544e-01
4322.000000 5.76462165e-01
4324.000000 5.77850990e-01
4326.000000 5.78800931e-01
4328.000000 5.79777648e-01
4330.000000 5.81048894e-01
4332.000000 5.82348079e-01
4334.000000 5.83568102e-01
4336.000000 5.84654249e-01
4338.000000 5.85554133e-01
4340.000000 5.86568102e-01
4342.000000 5.87995343e-01
4344.000000 5.89107101e-01
4346.000000 5.90166473e-01
4348.000000 5.91670547e-01
4350.000000 5.92757858e-01
4352.000000 5.93493597e-01
4354.000000 5.94564610e-01
4356.000000 5.95650757e-01
4358.000000 5.96307334e-01
4360.000000 5.96970896e-01
4362.000000 5.98006985e-01
4364.000000 5.98910361e-01
4366.000000 5.99267753e-01
4368.000000 5.99969732e-01
4370.000000 6.00745052e-01
4372.000000 6.01268917e-01
4374.000000 6.01750873e-01
4376.000000 6.02383003e-01
4378.000000 6.02433062e-01
4380.000000 6.02516880e-01
4382.000000 6.02769499e-01
4384.000000 6.03348079e-01
4386.000000 6.03499418e-01
4388.000000 6.03833527e-01
4390.000000 6.04121071e-01
4392.000000 6.04145518e-01
4394.000000 6.03852154e-01
4396.000000 6.03869616e-01
4398.000000 6.03738068e-01
4400.000000 6.03721769e-01
4402.000000 6.03742724e-01
4404.000000 6.03558789e-01
4406.000000 6.03055879e-01
4408.000000 6.03075669e-01
4410.000000 6.02946449e-01
4412.000000 6.02525029e-01
4414.000000 6.02200233e-01
4416.000000 6.02132712e-01
4418.000000 6.01766007e-01
4420.000000 6.01289872e-01
4422.000000 6.00948778e-01
4424.000000 6.00512224e-01
4426.000000 5.99596042e-01
4428.000000 5.98706636e-01
4430.000000 5.98302678e-01
4432.000000 5.97899884e-01
4434.000000 5.97107101e-01
4436.000000 5.96155995e-01
4438.000000 5.95374854e-01
4440.000000 5.94791618e-01
4442.000000 5.94245634e-01
4444.000000 5.93500582e-01
4446.000000 5.93138533e-01
4448.000000 5.92720605e-01
4450.000000 5.91779977e-01
4452.000000 5.90740396e-01
4454.000000 5.89987194e-01
4456.000000 5.89026775e-01
4458.000000 5.88395809e-01
4460.000000 5.88024447e-01
4462.000000 5.87295693e-01
4464.000000 5.86250291e-01
4466.000000 5.85334109e-01
4468.000000 5.84478463e-01
4470.000000 5.83856810e-01
4472.000000 5.83344587e-01
4474.000000 5.83100116e-01
4476.000000 5.82504075e-01
4478.000000 5.81824214e-01
4480.000000 5.81364377e-01
4482.000000 5.80807916e-01
4484.000000 5.80250291e-01
4486.000000 5.79995343e-01
4488.000000 5.79478463e-01
4490.000000 5.78788126e-01
4492.000000 5.78505239e-01
4494.000000 5.78256112e-01
4496.000000 5.77749709e-01
4498.000000 5.77353900e-01
4500.000000 5.76923166e-01
4502.000000 5.77162980e-01
4504.000000 5.77913853e-01
4506.000000 5.78837020e-01
4508.000000 5.79739232e-01
4510.000000 5.80724098e-01
4512.000000 5.81859139e-01
4514.000000 5.82938300e-01
4516.000000 5.84327125e-01
4518.000000 5.85759022e-01
4520.000000 5.86980210e-01
4522.000000 5.87894063e-01
4524.000000 5.88649593e-01
4526.000000 5.90073341e-01
4528.000000 5.91868452e-01
4530.000000 5.93094296e-01
4532.000000 5.94317811e-01
4534.000000 5.95484284e-01
4536.000000 5.96707800e-01
4538.000000 5.97782305e-01
4540.000000 5.99122235e-01
4542.000000 6.00838184e-01
4544.000000 6.02990687e-01
4546.000000 6.05196740e-01
4548.000000 6.06610012e-01
4550.000000 6.08030268e-01
4552.000000 6.09980210e-01
4554.000000 6.12379511e-01
4556.000000 6.14454016e-01
4558.000000 6.16282887e-01
4560.000000 6.17739232e-01
4562.000000 6.19511059e-01
4564.000000 6.21925495e-01
4566.000000 6.24160652e-01
4568.000000 6.25991851e-01
4570.000000 6.28145518e-01
4572.000000 6.30362049e-01
4574.000000 6.32492433e-01
4576.000000 6.34403958e-01
4578.000000 6.36735739e-01
4580.000000 6.39454016e-01
4582.000000 6.42321304e-01
4584.000000 6.44487776e-01
4586.000000 6.46409779e-01
4588.000000 6.48462165e-01
4590.000000 6.50852154e-01
4592.000000 6.53516880e-01
4594.000000 6.56013970e-01
4596.000000 6.58317811e-01
4598.000000 6.60800931e-01
4600.000000 6.63502910e-01
4602.000000 6.65949942e-01
4604.000000 6.68142026e-01
4606.000000 6.70521537e-01
4608.000000 6.73228172e-01
4610.000000 6.75970896e-01
4612.000000 6.78611176e-01
4614.000000 6.80639115e-01
4616.000000 6.82360885e-01
4618.000000 6.84611176e-01
4620.000000 6.87207218e-01
4622.000000 6.89756694e-01
4624.000000 6.92295693e-01
4626.000000 6.94870780e-01
4628.000000 6.96795111e-01
4630.000000 6.98563446e-01
4632.000000 7.00927823e-01
4634.000000 7.03476135e-01
4636.000000 7.05792782e-01
4638.000000 7.07238650e-01
4640.000000 7.08898719e-01
4642.000000 7.11137369e-01
4644.000000 7.12967404e-01
4646.000000 7.14236321e-01
4648.000000 7.15958091e-01
4650.000000 7.17937136e-01
4652.000000 7.19622817e-01
4654.000000 7.21598370e-01
4656.000000 7.23536671e-01
4658.000000 7.24891735e-01
4660.000000 7.26520373e-01
4662.000000 7.28484284e-01
4664.000000 7.29756694e-01
4666.000000 7.30519208e-01
4668.000000 7.31799767e-01
4670.000000 7.32828871e-01
4672.000000 7.33747381e-01
4674.000000 7.34420256e-01
4676.000000 7.35352736e-01
4678.000000 7.36350407e-01
4680.000000 7.37043073e-01
4682.000000 7.37383003e-01
4684.000000 7.37932480e-01
4686.000000 7.38471478e-01
4688.000000 7.39526193e-01
4690.000000 7.40202561e-01
4692.000000 7.40598370e-01
4694.000000 7.40371362e-01
4696.000000 7.40263097e-01
4698.000000 7.40641444e-01
4700.000000 7.41232829e-01
4702.000000 7.41309662e-01
4704.000000 7.41282887e-01
4706.000000 7.41135041e-01
4708.000000 7.41150175e-01
4710.000000 7.41060536e-01
4712.000000 7.40491269e-01
4714.000000 7.40067520e-01
4716.000000 7.40060536e-01
4718.000000 7.39391153e-01
4720.000000 7.38630966e-01
4722.000000 7.37926659e-01
4724.000000 7.37463329e-01
4726.000000 7.37231665e-01
4728.000000 7.36605355e-01
4730.000000 7.36210710e-01
4732.000000 7.35875437e-01
4734.000000 7.35414435e-01
4736.000000 7.34948778e-01
4738.000000 7.34478463e-01
4740.000000 7.33657742e-01
4742.000000 7.33068685e-01
4744.000000 7.32748545e-01
4746.000000 7.32364377e-01
4748.000000 7.31559953e-01
4750.000000 7.31355064e-01
4752.000000 7.30768335e-01
4754.000000 7.29662398e-01
4756.000000 7.28951106e-01
4758.000000 7.28669383e-01
4760.000000 7.27849825e-01
4762.000000 7.26827707e-01
4764.000000 7.26218859e-01
4766.000000 7.25955763e-01
4768.000000 7.25266589e-01
4770.000000 7.24888242e-01
4772.000000 7.24707800e-01
4774.000000 7.24302678e-01
4776.000000 7.23982538e-01
4778.000000 7.24029104e-01
4780.000000 7.23717113e-01
4782.000000 7.23493597e-01
4784.000000 7.23222352e-01
4786.000000 7.22901048e-01
4788.000000 7.23138533e-01
4790.000000 7.23427241e-01
4792.000000 7.23377183e-01
4794.000000 7.23251455e-01
4796.000000 7.23445867e-01
4798.000000 7.23817229e-01
4800.000000 7.23754366e-01
4802.000000 7.23903376e-01
4804.000000 7.23977881e-01
4806.000000 7.24265425e-01
4808.000000 7.24461001e-01
4810.000000 7.24544820e-01
4812.000000 7.25048894e-01
4814.000000 7.26279395e-01
4816.000000 7.27009313e-01
4818.000000 7.27135041e-01
4820.000000 7.27568102e-01
4822.000000 7.28151339e-01
4824.000000 7.28970896e-01
4826.000000 7.30047730e-01
4828.000000 7.30884750e-01
4830.000000 7.31259604e-01
4832.000000 7.32298021e-01
4834.000000 7.33502910e-01
4836.000000 7.34577416e-01
4838.000000 7.35875437e-01
4840.000000 7.37211874e-01
4842.000000 7.37821886e-01
4844.000000 7.38804424e-01
4846.000000 7.40346915e-01
4848.000000 7.41703143e-01
4850.000000 7.42667055e-01
4852.000000 7.43804424e-01
4854.000000 7.44988359e-01
4856.000000 7.46690338e-01
4858.000000 7.48102445e-01
4860.000000 7.49146682e-01
4862.000000 7.50441211e-01
4864.000000 7.51823050e-01
4866.000000 7.53365541e-01
4868.000000 7.55299185e-01
4870.000000 7.57093132e-01
4872.000000 7.58669383e-01
4874.000000 7.60180442e-01
4876.000000 7.61922002e-01
4878.000000 7.63712456e-01
4880.000000 7.65180442e-01
4882.000000 7.66745052e-01
4884.000000 7.68561118e-01
4886.000000 7.70244470e-01
4888.000000 7.71707800e-01
4890.000000 7.73500582e-01
4892.000000 7.75440047e-01
4894.000000 7.77440047e-01
4896.000000 7.79316647e-01
4898.000000 7.80544820e-01
4900.000000 7.82162980e-01
4902.000000 7.84527357e-01
4904.000000 7.86826542e-01
4906.000000 7.88377183e-01
4908.000000 7.89566938e-01
4910.000000 7.91365541e-01
4912.000000 7.93386496e-01
4914.000000 7.95301513e-01
4916.000000 7.97228172e-01
4918.000000 7.98902212e-01
4920.000000 8.00755530e-01
4922.000000 8.02817229e-01
4924.000000 8.04634459e-01
4926.000000 8.06573923e-01
4928.000000 8.08137369e-01
4930.000000 8.09841676e-01
4932.000000 8.11607683e-01
4934.000000 8.13394645e-01
4936.000000 8.15083818e-01
4938.000000 8.16735739e-01
4940.000000 8.18287544e-01
4942.000000 8.19756694e-01
4944.000000 8.21668219e-01
4946.000000 8.23712456e-01
4948.000000 8.25698487e-01
4950.000000 8.27424913e-01
4952.000000 8.29233993e-01
4954.000000 8.31650757e-01
4956.000000 8.33626310e-01
4958.000000 8.35077998e-01
4960.000000 8.36590221e-01
4962.000000 8.38952270e-01
4964.000000 8.41257276e-01
4966.000000 8.42933644e-01
4968.000000 8.44876601e-01
4970.000000 8.47230501e-01
4972.000000 8.49684517e-01
4974.000000 8.52009313e-01
4976.000000 8.54050058e-01
4978.000000 8.55991851e-01
4980.000000 8.58243306e-01
4982.000000 8.60579744e-01
4984.000000 8.63332945e-01
4986.000000 8.65883586e-01
4988.000000 8.68313155e-01
4990.000000 8.70996508e-01
4992.000000 8.73785797e-01
4994.000000 8.76746217e-01
4996.000000 8.79816065e-01
4998.000000 8.82995343e-01
5000.000000 8.86107101e-01
5002.000000 8.89138533e-01
5004.000000 8.92268917e-01
5006.000000 8.95614668e-01
5008.000000 8.99492433e-01
5010.000000 9.03481956e-01
5012.000000 9.07017462e-01
5014.000000 9.10622817e-01
5016.000000 9.14488941e-01
5018.000000 9.18490105e-01
5020.000000 9.22393481e-01
5022.000000 9.26755530e-01
5024.000000 9.30956927e-01
5026.000000 9.34337602e-01
5028.000000 9.38203725e-01
5030.000000 9.42975553e-01
5032.000000 9.47676368e-01
5034.000000 9.52388824e-01
5036.000000 9.55736903e-01
5038.000000 9.59145518e-01
5040.000000 9.63916182e-01
5042.000000 9.68584400e-01
5044.000000 9.72313155e-01
5046.000000 9.76242142e-01
5048.000000 9.79703143e-01
5050.000000 9.83386496e-01
5052.000000 9.86854482e-01
5054.000000 9.89608847e-01
5056.000000 9.91778813e-01
5058.000000 9.94278231e-01
5060.000000 9.96594878e-01
5062.000000 9.98328289e-01
5064.000000 9.98931315e-01
5066.000000 9.99400466e-01
5068.000000 9.99997672e-01
5070.000000 9.99511059e-01
5072.000000 9.98267753e-01
5074.000000 9.96506403e-01
5076.000000 9.93593714e-01
5078.000000 9.90612340e-01
5080.000000 9.86593714e-01
5082.000000 9.81672875e-01
5084.000000 9.76175786e-01
5086.000000 9.69383003e-01
5088.000000 9.61491269e-01
5090.000000 9.53079162e-01
5092.000000 9.43934808e-01
5094.000000 9.33017462e-01
5096.000000 9.20969732e-01
5098.000000 9.08915017e-01
5100.000000 8.95713620e-01
5102.000000 8.81189756e-01
5104.000000 8.65870780e-01
5106.000000 8.50046566e-01
5108.000000 8.34261932e-01
5110.000000 8.17356228e-01
5112.000000 7.98789290e-01
5114.000000 7.80105937e-01
5116.000000 7.60996508e-01
5118.000000 7.41025611e-01
5120.000000 7.21059371e-01
5122.000000 7.01338766e-01
5124.000000 6.80750873e-01
5126.000000 6.59915017e-01
5128.000000 6.39059371e-01
5130.000000 6.18195576e-01
5132.000000 5.97204889e-01
5134.000000 5.76613504e-01
5136.000000 5.56444703e-01
5138.000000 5.36573923e-01
5140.000000 5.16874272e-01
5142.000000 4.97745052e-01
5144.000000 4.78768335e-01
5146.000000 4.60176950e-01
5148.000000 4.42112922e-01
5150.000000 4.24579744e-01
5152.000000 4.07579744e-01
5154.000000 3.91067520e-01
5156.000000 3.74859139e-01
5158.000000 3.59296857e-01
5160.000000 3.44182771e-01
5162.000000 3.29839348e-01
5164.000000 3.16303842e-01
5166.000000 3.03190920e-01
5168.000000 2.90334109e-01
5170.000000 2.78140861e-01
5172.000000 2.66458673e-01
5174.000000 2.55087311e-01
5176.000000 2.44027939e-01
5178.000000 2.33473807e-01
5180.000000 2.23486612e-01
5182.000000 2.13901048e-01
5184.000000 2.04682189e-01
5186.000000 1.95966240e-01
5188.000000 1.87549476e-01
5190.000000 1.79626310e-01
5192.000000 1.72043073e-01
5194.000000 1.64630966e-01
5196.000000 1.57646100e-01
5198.000000 1.51039581e-01
5200.000000 1.44731083e-01
5202.000000 1.38621653e-01
5204.000000 1.32932480e-01
5206.000000 1.27422584e-01
5208.000000 1.22111758e-01
5210.000000 1.17180442e-01
5212.000000 1.12433644e-01
5214.000000 1.07811641e-01
5216.000000 1.03517811e-01
5218.000000 9.93663562e-02
5220.000000 9.53729919e-02
5222.000000 9.16365541e-02
5224.000000 8.80918510e-02
5226.000000 8.46100116e-02
5228.000000 8.13608847e-02
5230.000000 7.82774156e-02
5232.000000 7.52348079e-02
5234.000000 7.23825378e-02
5236.000000 6.95208382e-02
5238.000000 6.69266589e-02
5240.000000 6.44474971e-02
5242.000000 6.20138533e-02
5244.000000 5.96508731e-02
5246.000000 5.74317811e-02
5248.000000 5.54034924e-02
5250.000000 5.34387660e-02
5252.000000 5.15745052e-02
5254.000000 4.97100116e-02
5256.000000 4.78908033e-02
5258.000000 4.62332945e-02
5260.000000 4.45965076e-02
5262.000000 4.30128056e-02
5264.000000 4.15746217e-02
5266.000000 4.02353900e-02
5268.000000 3.88885914e-02
5270.000000 3.04605355e-02
5280.000000 2.59884750e-02
5290.000000 2.22952270e-02
5300.000000 1.92264261e-02
5310.000000 1.66678696e-02
5320.000000 1.45188591e-02
5330.000000 1.27045402e-02
5340.000000 1.11624447e-02
5350.000000 9.85487776e-03
5360.000000 8.74045402e-03
5370.000000 7.77861467e-03
5380.000000 6.94076834e-03
5390.000000 6.21615832e-03
5400.000000 5.58866123e-03
5410.000000 5.04369034e-03
5420.000000 4.56608847e-03
5430.000000 4.14717113e-03
5440.000000 3.77547148e-03
5450.000000 3.44621653e-03
5460.000000 3.15441211e-03
5470.000000 2.89365541e-03
5480.000000 2.66157159e-03
5490.000000 2.45296857e-03
5500.000000 2.26681024e-03
5510.000000 2.09823050e-03
5520.000000 1.94856810e-03
5530.000000 1.81217695e-03
5540.000000 1.68771828e-03
5550.000000 1.57543655e-03
5560.000000 1.47410943e-03
5570.000000 1.38077998e-03
5580.000000 1.29563446e-03
5590.000000 1.21877765e-03
5600.000000 1.14729802e-03
5610.000000 1.07902678e-03
5620.000000 1.01814552e-03
5630.000000 9.61563446e-04
5640.000000 9.09350407e-04
5650.000000 8.61547148e-04
5660.000000 8.18194412e-04
5670.000000 7.79330617e-04
5680.000000 7.51310827e-04
5690.000000 7.34252619e-04
5700.000000 6.64501746e-04
5710.000000 6.34311991e-04
5720.000000 6.07153667e-04
5730.000000 5.79840512e-04
5740.000000 5.55593714e-04
5750.000000 5.32809080e-04
5760.000000 5.11529686e-04
5770.000000 4.91755530e-04
5780.000000 4.73481956e-04
5790.000000 4.55119907e-04
5800.000000 4.38279395e-04
5810.000000 4.22997672e-04
5820.000000 4.09261932e-04
5830.000000 3.93814901e-04
5840.000000 3.81575087e-04
5850.000000 3.69279395e-04
5860.000000 3.56904540e-04
5870.000000 3.46138533e-04
5880.000000 3.36980210e-04
5890.000000 3.26098952e-04
5900.000000 3.16835856e-04
5910.000000 3.07521537e-04
5920.000000 2.99849825e-04
5930.000000 2.90438882e-04
5940.000000 2.84370198e-04
5950.000000 2.76571595e-04
5960.000000 2.68729919e-04
5970.000000 2.62559953e-04
5980.000000 2.56346915e-04
5990.000000 2.50107101e-04
6000.000000 2.43833527e-04
6010.000000 2.38761350e-04
6020.000000 2.31973225e-04
6030.000000 2.26898719e-04
6040.000000 2.21818393e-04
6050.000000 2.16734575e-04
6060.000000 2.11653085e-04
6070.000000 2.06559953e-04
6080.000000 2.03192084e-04
