# wave[microns]    norm_trans
0.11600000 2.35882131e-04
0.11700000 3.94562580e-04
0.11800000 5.65878645e-04
0.11900000 7.02979447e-04
0.12000000 8.35924105e-04
0.12100000 9.53522620e-04
0.12160000 1.00637437e-03
0.12200000 1.04871125e-03
0.12300000 1.51181321e-03
0.12350000 4.66856143e-03
0.12400000 1.02088743e-02
0.12500000 2.13053933e-02
0.12600000 2.56677789e-02
0.12700000 2.73934108e-02
0.12800000 2.89929071e-02
0.12900000 2.95728606e-02
0.13000000 3.02811551e-02
0.13100000 3.09258482e-02
0.13200000 3.15176113e-02
0.13300000 3.18318476e-02
0.13400000 3.21017622e-02
0.13500000 3.25711603e-02
0.13540000 3.27489453e-02
0.13600000 3.29807986e-02
0.13700000 3.31168231e-02
0.13800000 3.32432432e-02
0.13900000 3.33669600e-02
0.14000000 3.34982179e-02
0.14100000 3.36885240e-02
0.14200000 3.38816047e-02
0.14300000 3.40618797e-02
0.14400000 3.42175395e-02
0.14500000 3.43322923e-02
0.14600000 3.43438885e-02
0.14700000 3.42857651e-02
0.14800000 3.41396385e-02
0.14870000 3.39678294e-02
0.14900000 3.40156371e-02
0.15000000 3.40531292e-02
0.15100000 3.37414540e-02
0.15200000 3.33098326e-02
0.15300000 3.27894254e-02
0.15400000 3.22065551e-02
0.15450000 3.19042707e-02
0.15500000 3.13637301e-02
0.15600000 3.03139518e-02
0.15700000 2.93210873e-02
0.15800000 2.84044877e-02
0.15900000 2.75880566e-02
0.16000000 2.68883703e-02
0.16100000 2.62578346e-02
0.16200000 2.57686589e-02
0.16300000 2.54230487e-02
0.16400000 2.52230672e-02
0.16480000 2.51838677e-02
0.16500000 2.51973137e-02
0.16600000 2.54507232e-02
0.16700000 2.58502593e-02
0.16800000 2.63841836e-02
0.16900000 2.70416112e-02
0.17000000 2.78112306e-02
0.17100000 2.86162077e-02
0.17200000 2.95126740e-02
0.17300000 3.04883931e-02
0.17400000 3.15361084e-02
0.17500000 3.26462156e-02
0.17600000 3.35110235e-02
0.17700000 3.44096953e-02
0.17800000 3.53425155e-02
0.17900000 3.63085592e-02
0.18000000 3.73099607e-02
0.18100000 3.83881960e-02
0.18200000 3.95041369e-02
0.18300000 4.06572142e-02
0.18400000 4.18485661e-02
0.18500000 4.30778370e-02
0.18600000 4.43462362e-02
0.18700000 4.56551155e-02
0.18790000 4.68681659e-02
0.18800000 4.69846261e-02
0.18900000 4.81746975e-02
0.19000000 4.93933681e-02
0.19100000 5.05285175e-02
0.19200000 5.16877130e-02
0.19300000 5.28681801e-02
0.19400000 5.40717685e-02
0.19500000 5.52936406e-02
0.19600000 5.65375668e-02
0.19700000 5.77962195e-02
0.19800000 5.90734404e-02
0.19900000 6.03638226e-02
0.20000000 6.16665125e-02
0.20100000 6.32895570e-02
0.20200000 6.49378570e-02
0.20300000 6.66015950e-02
0.20400000 6.82810555e-02
0.20500000 6.99709027e-02
0.20600000 7.16660857e-02
0.20700000 7.33578538e-02
0.20800000 7.50460648e-02
0.20900000 7.67207587e-02
0.21000000 7.83769555e-02
0.21100000 8.00089640e-02
0.21200000 8.16089583e-02
0.21300000 8.31648442e-02
0.21380000 8.43692864e-02
0.21400000 8.46986760e-02
0.21500000 8.62759048e-02
0.21600000 8.77869710e-02
0.21700000 8.92240490e-02
0.21800000 9.05693532e-02
0.21900000 9.18186151e-02
0.22000000 9.29568948e-02
0.22100000 9.67608830e-02
0.22200000 1.00540683e-01
0.22300000 1.04287757e-01
0.22400000 1.07997126e-01
0.22500000 1.11666655e-01
0.22600000 1.15287807e-01
0.22700000 1.18865562e-01
0.22800000 1.22398497e-01
0.22900000 1.25902976e-01
0.22960000 1.27985316e-01
0.23000000 1.29464368e-01
0.23100000 1.33148126e-01
0.23200000 1.36816943e-01
0.23300000 1.40472244e-01
0.23400000 1.44107624e-01
0.23500000 1.47723796e-01
0.23600000 1.51310800e-01
0.23700000 1.54863655e-01
0.23800000 1.58378805e-01
0.23900000 1.61854115e-01
0.24000000 1.65281048e-01
0.24100000 1.68655336e-01
0.24200000 1.71986227e-01
0.24300000 1.75273721e-01
0.24400000 1.78523509e-01
0.24500000 1.81747686e-01
0.24600000 1.84948386e-01
0.24700000 1.88133435e-01
0.24800000 1.91312081e-01
0.24900000 1.94492149e-01
0.25000000 1.97691427e-01
0.25100000 2.00754110e-01
0.25200000 2.03846674e-01
0.25300000 2.06959869e-01
0.25370000 2.09165997e-01
0.25400000 2.09604234e-01
0.25500000 2.11063367e-01
0.25600000 2.12522499e-01
0.25700000 2.13980208e-01
0.25800000 2.15447877e-01
0.25900000 2.16931198e-01
0.26000000 2.18428747e-01
0.26100000 2.19944082e-01
0.26200000 2.21484317e-01
0.26300000 2.23038780e-01
0.26400000 2.24611740e-01
0.26500000 2.26186834e-01
0.26600000 2.27774734e-01
0.26700000 2.29365480e-01
0.26800000 2.30949112e-01
0.26900000 2.32536300e-01
0.27000000 2.34109972e-01
0.27100000 2.37190441e-01
0.27200000 2.40289408e-01
0.27300000 2.43412562e-01
0.27400000 2.46547100e-01
0.27500000 2.49698712e-01
0.27600000 2.50486970e-01
0.27700000 2.51263135e-01
0.27800000 2.52034319e-01
0.27900000 2.52786295e-01
0.28000000 2.53516217e-01
0.28100000 2.54229776e-01
0.28200000 2.54919147e-01
0.28300000 2.55586463e-01
0.28400000 2.56239551e-01
0.28500000 2.56864182e-01
0.28600000 2.57478853e-01
0.28700000 2.58075738e-01
0.28800000 2.58648435e-01
0.28900000 2.59214018e-01
0.29000000 2.59758258e-01
0.29100000 2.58484808e-01
0.29200000 2.57185034e-01
0.29300000 2.55867476e-01
0.29400000 2.54527152e-01
0.29500000 2.53180424e-01
0.29600000 2.51805240e-01
0.29700000 2.50426499e-01
0.29800000 2.49030684e-01
0.29900000 2.47617794e-01
0.30000000 2.46198502e-01
0.30100000 2.44790592e-01
0.30200000 2.43377703e-01
0.30300000 2.41950584e-01
0.30400000 2.40509949e-01
0.30500000 2.39062911e-01
0.30600000 2.37603068e-01
0.30700000 2.36136821e-01
0.30800000 2.34665595e-01
0.30900000 2.33180851e-01
0.31000000 2.31690416e-01
0.31100000 2.32995881e-01
0.31200000 2.34305614e-01
0.31300000 2.35618904e-01
0.31400000 2.36929348e-01
0.31500000 2.38251887e-01
0.31600000 2.39570157e-01
0.31700000 2.40894119e-01
0.31800000 2.42213812e-01
0.31900000 2.43546310e-01
0.32000000 2.44875252e-01
0.32100000 2.46209173e-01
0.32200000 2.47555189e-01
0.32300000 2.48898359e-01
0.32400000 2.50246509e-01
0.32500000 2.51607464e-01
0.32600000 2.52964863e-01
0.32700000 2.54327953e-01
0.32800000 2.55704560e-01
0.32900000 2.57079032e-01
0.33000000 2.58465599e-01
0.33100000 2.59858569e-01
0.33200000 2.61257230e-01
0.33300000 2.62661582e-01
0.33400000 2.64080163e-01
0.33500000 2.65505147e-01
0.33600000 2.66935822e-01
0.33700000 2.68373612e-01
0.33800000 2.69825630e-01
0.33900000 2.71285473e-01
0.34000000 2.72760257e-01
0.34100000 2.74242155e-01
0.34200000 2.75731167e-01
0.34300000 2.77237253e-01
0.34400000 2.78758991e-01
0.34500000 2.80289265e-01
0.34600000 2.81835903e-01
0.34700000 2.83391077e-01
0.34800000 2.84964037e-01
0.34900000 2.86554783e-01
0.35000000 2.88155489e-01
0.35100000 2.89774692e-01
0.35200000 2.91411680e-01
0.35300000 2.93058629e-01
0.35400000 2.94733322e-01
0.35500000 2.96408016e-01
0.35600000 2.98101207e-01
0.35700000 2.99812895e-01
0.35800000 3.01533120e-01
0.35900000 3.03272554e-01
0.36000000 3.05021236e-01
0.36100000 3.06786992e-01
0.36200000 3.08553460e-01
0.36300000 3.10346962e-01
0.36400000 3.12140464e-01
0.36500000 3.13941080e-01
0.36600000 3.15760904e-01
0.36700000 3.17588555e-01
0.36800000 3.19424742e-01
0.36900000 3.21268755e-01
0.37000000 3.23121305e-01
0.37100000 3.24980969e-01
0.37200000 3.26849171e-01
0.37300000 3.28724487e-01
0.37400000 3.30606916e-01
0.37500000 3.32497172e-01
0.37600000 3.34394542e-01
0.37700000 3.36288355e-01
0.37800000 3.38199242e-01
0.37900000 3.40105860e-01
0.38000000 3.42008921e-01
0.38100000 3.43929057e-01
0.38200000 3.45844212e-01
0.38300000 3.47754388e-01
0.38400000 3.49670255e-01
0.38500000 3.51591813e-01
0.38600000 3.53506968e-01
0.38700000 3.55416432e-01
0.38800000 3.57330165e-01
0.38900000 3.59238206e-01
0.39000000 3.61149093e-01
0.39100000 3.63053577e-01
0.39200000 3.64950236e-01
0.39300000 3.66838357e-01
0.39400000 3.68728613e-01
0.39500000 3.70599660e-01
0.39600000 3.72472841e-01
0.39700000 3.74323969e-01
0.39800000 3.76177230e-01
0.39900000 3.78019109e-01
0.40000000 3.79839645e-01
0.40100000 3.79688111e-01
0.40200000 3.79518792e-01
0.40300000 3.79330976e-01
0.40400000 3.79126086e-01
0.40500000 3.78903410e-01
0.40600000 3.78662948e-01
0.40700000 3.78406124e-01
0.40800000 3.78132225e-01
0.40900000 3.77841253e-01
0.41000000 3.77546011e-01
0.41100000 3.77222313e-01
0.41200000 3.76894346e-01
0.41300000 3.76538634e-01
0.41400000 3.76177942e-01
0.41500000 3.75813692e-01
0.41600000 3.75421697e-01
0.41700000 3.75026145e-01
0.41800000 3.74614941e-01
0.41900000 3.74200181e-01
0.42000000 3.73771192e-01
0.42100000 3.74687507e-01
0.42200000 3.75603110e-01
0.42300000 3.76505197e-01
0.42400000 3.77406572e-01
0.42500000 3.78295142e-01
0.42600000 3.79183000e-01
0.42700000 3.80057341e-01
0.42800000 3.80931682e-01
0.42900000 3.81792506e-01
0.43000000 3.82651907e-01
0.43100000 3.83499214e-01
0.43200000 3.84345809e-01
0.43300000 3.85190982e-01
0.43400000 3.86035443e-01
0.43500000 3.86867099e-01
0.43600000 3.87686660e-01
0.43700000 3.88516181e-01
0.43800000 3.89334320e-01
0.43900000 3.90151035e-01
0.44000000 3.90954945e-01
0.44100000 3.91770238e-01
0.44200000 3.92573437e-01
0.44300000 3.93375924e-01
0.44400000 3.94165605e-01
0.44500000 3.94965958e-01
0.44600000 3.95754217e-01
0.44700000 3.96542476e-01
0.44800000 3.97329311e-01
0.44900000 3.98116147e-01
0.45000000 3.98902983e-01
0.45100000 4.02899767e-01
0.45200000 4.06887303e-01
0.45300000 4.10888356e-01
0.45400000 4.14878738e-01
0.45500000 4.18871253e-01
0.45600000 4.22877998e-01
0.45700000 4.26874071e-01
0.45800000 4.30870855e-01
0.45900000 4.34870485e-01
0.46000000 4.38871538e-01
0.46100000 4.42874014e-01
0.46200000 4.46878624e-01
0.46300000 4.50871140e-01
0.46400000 4.54878595e-01
0.46500000 4.58888897e-01
0.46600000 4.62899198e-01
0.46700000 4.66898117e-01
0.46800000 4.70912687e-01
0.46900000 4.74928680e-01
0.47000000 4.78931867e-01
0.47100000 4.82950705e-01
0.47200000 4.86958161e-01
0.47300000 4.90979845e-01
0.47400000 4.94990147e-01
0.47500000 4.99016100e-01
0.47600000 5.03027824e-01
0.47700000 5.07056622e-01
0.47800000 5.11088266e-01
0.47900000 5.15104971e-01
0.48000000 5.19139461e-01
0.48100000 5.23174662e-01
0.48200000 5.27196346e-01
0.48300000 5.31235816e-01
0.48400000 5.35275997e-01
0.48500000 5.39318313e-01
0.48600000 5.43344977e-01
0.48700000 5.47391561e-01
0.48800000 5.51438145e-01
0.48900000 5.55486864e-01
0.49000000 5.59536293e-01
0.49100000 5.63604932e-01
0.49200000 5.67658630e-01
0.49300000 5.71713040e-01
0.49400000 5.75769584e-01
0.49500000 5.79845336e-01
0.49600000 5.83922512e-01
0.49700000 5.87983324e-01
0.49800000 5.92064057e-01
0.49900000 5.96146923e-01
0.50000000 6.00230502e-01
0.50100000 6.05156407e-01
0.50200000 6.10085158e-01
0.50300000 6.15033828e-01
0.50400000 6.19967559e-01
0.50500000 6.24921921e-01
0.50600000 6.29858498e-01
0.50700000 6.34817840e-01
0.50800000 6.39779316e-01
0.50900000 6.44723007e-01
0.51000000 6.49689463e-01
0.51100000 6.54657342e-01
0.51200000 6.59628779e-01
0.51300000 6.64601638e-01
0.51400000 6.69557423e-01
0.51500000 6.74535262e-01
0.51600000 6.79516658e-01
0.51700000 6.84499477e-01
0.51800000 6.89485142e-01
0.51900000 6.94451598e-01
0.52000000 6.99440820e-01
0.52100000 7.04412968e-01
0.52200000 7.09407170e-01
0.52300000 7.14384297e-01
0.52400000 7.19364271e-01
0.52500000 7.24344244e-01
0.52600000 7.29345560e-01
0.52700000 7.34304191e-01
0.52800000 7.39291279e-01
0.52900000 7.44278366e-01
0.53000000 7.49251225e-01
0.53100000 7.54216970e-01
0.53200000 7.59211172e-01
0.53300000 7.64162689e-01
0.53400000 7.69135548e-01
0.53500000 7.74115521e-01
0.53600000 7.79067038e-01
0.53700000 7.84018554e-01
0.53800000 7.88955842e-01
0.53900000 7.93914473e-01
0.54000000 7.98844646e-01
0.54100000 8.03781934e-01
0.54200000 8.08719222e-01
0.54300000 8.13635167e-01
0.54400000 8.18551112e-01
0.54500000 8.23467057e-01
0.54600000 8.28354546e-01
0.54700000 8.33242034e-01
0.54800000 8.38108179e-01
0.54900000 8.42974325e-01
0.55000000 8.47840470e-01
0.55100000 8.52358017e-01
0.55200000 8.56868450e-01
0.55300000 8.61378883e-01
0.55400000 8.65853745e-01
0.55500000 8.70307264e-01
0.55600000 8.74775012e-01
0.55700000 8.79214302e-01
0.55800000 8.83646479e-01
0.55900000 8.88050198e-01
0.56000000 8.92446803e-01
0.56100000 8.94972361e-01
0.56200000 8.97497919e-01
0.56300000 8.99995020e-01
0.56400000 9.02485007e-01
0.56500000 9.04974993e-01
0.56600000 9.07457866e-01
0.56700000 9.09940738e-01
0.56800000 9.12388040e-01
0.56900000 9.14835341e-01
0.57000000 9.17275528e-01
0.57100000 9.19708600e-01
0.57200000 9.22141673e-01
0.57300000 9.24567632e-01
0.57400000 9.26993590e-01
0.57500000 9.29383977e-01
0.57600000 9.31795707e-01
0.57700000 9.34207437e-01
0.57800000 9.36590710e-01
0.57900000 9.38988212e-01
0.58000000 9.41357256e-01
0.58100000 9.43747643e-01
0.58200000 9.46109574e-01
0.58300000 9.48485732e-01
0.58400000 9.50840548e-01
0.58500000 9.53209593e-01
0.58600000 9.55550180e-01
0.58700000 9.57912111e-01
0.58800000 9.60266927e-01
0.58900000 9.62614628e-01
0.59000000 9.64962330e-01
0.59100000 9.67302918e-01
0.59200000 9.69664848e-01
0.59300000 9.71998321e-01
0.59400000 9.74346023e-01
0.59500000 9.76693725e-01
0.59600000 9.79034312e-01
0.59700000 9.81396242e-01
0.59800000 9.83729716e-01
0.59900000 9.86077417e-01
0.60000000 9.88425119e-01
0.60100000 9.88752374e-01
0.60200000 9.89100973e-01
0.60300000 9.89456685e-01
0.60400000 9.89798169e-01
0.60500000 9.90139653e-01
0.60600000 9.90509594e-01
0.60700000 9.90843963e-01
0.60800000 9.91199676e-01
0.60900000 9.91555388e-01
0.61000000 9.91911100e-01
0.61100000 9.92259698e-01
0.61200000 9.92608297e-01
0.61300000 9.92956895e-01
0.61400000 9.93291264e-01
0.61500000 9.93661205e-01
0.61600000 9.93995575e-01
0.61700000 9.94329945e-01
0.61800000 9.94657200e-01
0.61900000 9.94984455e-01
0.62000000 9.95311711e-01
0.62100000 9.95631852e-01
0.62200000 9.95916422e-01
0.62300000 9.96236563e-01
0.62400000 9.96521133e-01
0.62500000 9.96834160e-01
0.62600000 9.97111615e-01
0.62700000 9.97360614e-01
0.62800000 9.97630956e-01
0.62900000 9.97872840e-01
0.63000000 9.98114724e-01
0.63100000 9.98349495e-01
0.63200000 9.98562922e-01
0.63300000 9.98762121e-01
0.63400000 9.98968434e-01
0.63500000 9.99132062e-01
0.63600000 9.99302804e-01
0.63700000 9.99437974e-01
0.63800000 9.99573145e-01
0.63900000 9.99701202e-01
0.64000000 9.99800801e-01
0.64100000 9.99871944e-01
0.64200000 9.99935972e-01
0.64300000 9.99971543e-01
0.64400000 1.00000000e+00
0.64500000 1.00000000e+00
0.64600000 1.00000000e+00
0.64700000 9.99935972e-01
0.64800000 9.99871944e-01
0.64900000 9.99800801e-01
0.65000000 9.99672745e-01
0.65100000 9.97047587e-01
0.65200000 9.94401087e-01
0.65300000 9.91719016e-01
0.65400000 9.89015602e-01
0.65500000 9.86312187e-01
0.65600000 9.83580316e-01
0.65700000 9.80855559e-01
0.65800000 9.78073889e-01
0.65900000 9.75327789e-01
0.66000000 9.72553232e-01
0.66100000 9.69750219e-01
0.66200000 9.66925862e-01
0.66300000 9.64129963e-01
0.66400000 9.61284264e-01
0.66500000 9.58474136e-01
0.66600000 9.55607094e-01
0.66700000 9.52768509e-01
0.66800000 9.49915696e-01
0.66900000 9.47055769e-01
0.67000000 9.44181613e-01
0.67100000 9.41307456e-01
0.67200000 9.38440415e-01
0.67300000 9.35573373e-01
0.67400000 9.32684988e-01
0.67500000 9.29803718e-01
0.67600000 9.26929562e-01
0.67700000 9.24034063e-01
0.67800000 9.21167021e-01
0.67900000 9.18271522e-01
0.68000000 9.15390252e-01
0.68100000 9.12508982e-01
0.68200000 9.09641940e-01
0.68300000 9.06774898e-01
0.68400000 9.03907856e-01
0.68500000 9.01055043e-01
0.68600000 8.98202230e-01
0.68700000 8.95328074e-01
0.68800000 8.92489489e-01
0.68900000 8.89658018e-01
0.69000000 8.86826548e-01
0.69100000 8.83980848e-01
0.69200000 8.81163606e-01
0.69300000 8.78346364e-01
0.69400000 8.75571808e-01
0.69500000 8.72768794e-01
0.69600000 8.69980009e-01
0.69700000 8.67212567e-01
0.69800000 8.64459353e-01
0.69900000 8.61713253e-01
0.70000000 8.58967154e-01
0.70100000 8.54855118e-01
0.70200000 8.50728855e-01
0.70300000 8.46638162e-01
0.70400000 8.42590155e-01
0.70500000 8.38535034e-01
0.70600000 8.34522598e-01
0.70700000 8.30517277e-01
0.70800000 8.26533298e-01
0.70900000 8.22556434e-01
0.71000000 8.18622255e-01
0.71100000 8.14702304e-01
0.71200000 8.10796582e-01
0.71300000 8.06905089e-01
0.71400000 8.03049167e-01
0.71500000 7.99186130e-01
0.71600000 7.95358665e-01
0.71700000 7.91545428e-01
0.71800000 7.87767762e-01
0.71900000 7.83982983e-01
0.72000000 7.80233774e-01
0.72100000 7.76498794e-01
0.72200000 7.72770928e-01
0.72300000 7.69085748e-01
0.72400000 7.65386339e-01
0.72500000 7.61729616e-01
0.72600000 7.58080007e-01
0.72700000 7.54444626e-01
0.72800000 7.50844817e-01
0.72900000 7.47230779e-01
0.73000000 7.43659427e-01
0.73100000 7.40095189e-01
0.73200000 7.36566522e-01
0.73300000 7.33030741e-01
0.73400000 7.29530531e-01
0.73500000 7.26037435e-01
0.73600000 7.22558568e-01
0.73700000 7.19115272e-01
0.73800000 7.15657748e-01
0.73900000 7.12235795e-01
0.74000000 7.08828070e-01
0.74100000 7.05452359e-01
0.74200000 7.02067400e-01
0.74300000 6.98715167e-01
0.74400000 6.95396370e-01
0.74500000 6.92066902e-01
0.74600000 6.88770871e-01
0.74700000 6.85485512e-01
0.74800000 6.82212246e-01
0.74900000 6.78949652e-01
0.75000000 6.75720495e-01
0.75100000 6.72504144e-01
0.75200000 6.69297753e-01
0.75300000 6.66099187e-01
0.75400000 6.62910581e-01
0.75500000 6.59729089e-01
0.75600000 6.56556846e-01
0.75700000 6.53391718e-01
0.75800000 6.50235837e-01
0.75900000 6.47089206e-01
0.76000000 6.43951111e-01
0.76100000 6.40820842e-01
0.76200000 6.37698399e-01
0.76300000 6.34585915e-01
0.76400000 6.31481969e-01
0.76500000 6.28386560e-01
0.76600000 6.25299688e-01
0.76700000 6.22222064e-01
0.76800000 6.19152978e-01
0.76900000 6.16092428e-01
0.77000000 6.13041127e-01
0.77100000 6.09998364e-01
0.77200000 6.06964137e-01
0.77300000 6.03939159e-01
0.77400000 6.00922718e-01
0.77500000 5.97916237e-01
0.77600000 5.94917581e-01
0.77700000 5.91929597e-01
0.77800000 5.88949439e-01
0.77900000 5.85978529e-01
0.78000000 5.83016868e-01
0.78100000 5.80065167e-01
0.78200000 5.77121291e-01
0.78300000 5.74188086e-01
0.78400000 5.71262708e-01
0.78500000 5.68348712e-01
0.78600000 5.65442542e-01
0.78700000 5.62547043e-01
0.78800000 5.59660081e-01
0.78900000 5.56783791e-01
0.79000000 5.53916749e-01
0.79100000 5.51058956e-01
0.79200000 5.48211834e-01
0.79300000 5.45373249e-01
0.79400000 5.42546047e-01
0.79500000 5.39728093e-01
0.79600000 5.36920811e-01
0.79700000 5.34123489e-01
0.79800000 5.31335415e-01
0.79900000 5.28558725e-01
0.80000000 5.25791282e-01
0.80100000 5.21914017e-01
0.80200000 5.18048846e-01
0.80300000 5.14196481e-01
0.80400000 5.10356922e-01
0.80500000 5.06530168e-01
0.80600000 5.02715508e-01
0.80700000 4.98913654e-01
0.80800000 4.95124606e-01
0.80900000 4.91348363e-01
0.81000000 4.87584215e-01
0.81100000 4.83832872e-01
0.81200000 4.80094335e-01
0.81300000 4.76368603e-01
0.81400000 4.72654966e-01
0.81500000 4.68954134e-01
0.81600000 4.65265397e-01
0.81700000 4.61589465e-01
0.81800000 4.57926339e-01
0.81900000 4.54275307e-01
0.82000000 4.50637081e-01
0.82100000 4.47011660e-01
0.82200000 4.43398334e-01
0.82300000 4.39797102e-01
0.82400000 4.36209387e-01
0.82500000 4.32633054e-01
0.82600000 4.29069528e-01
0.82700000 4.25518807e-01
0.82800000 4.21980180e-01
0.82900000 4.18454359e-01
0.83000000 4.14940632e-01
0.83100000 4.11439710e-01
0.83200000 4.07950883e-01
0.83300000 4.04474862e-01
0.83400000 4.01010935e-01
0.83500000 3.97559102e-01
0.83600000 3.96132695e-01
0.83700000 3.94694194e-01
0.83800000 3.93242888e-01
0.83900000 3.91780198e-01
0.84000000 3.90304703e-01
0.84100000 3.88817114e-01
0.84200000 3.87317431e-01
0.84300000 3.85804942e-01
0.84400000 3.84280358e-01
0.84500000 3.82742969e-01
0.84600000 3.81193486e-01
0.84700000 3.79631909e-01
0.84800000 3.78057526e-01
0.84900000 3.76470337e-01
0.85000000 3.74871054e-01
0.85100000 3.73192092e-01
0.85200000 3.71500324e-01
0.85300000 3.69795750e-01
0.85400000 3.68077659e-01
0.85500000 3.66346763e-01
0.85600000 3.64603061e-01
0.85700000 3.62846553e-01
0.85800000 3.61076528e-01
0.85900000 3.59292986e-01
0.86000000 3.57496639e-01
0.86100000 3.55687485e-01
0.86200000 3.53864815e-01
0.86300000 3.52029339e-01
0.86400000 3.50179635e-01
0.86500000 3.48317836e-01
0.86600000 3.46377781e-01
0.86700000 3.44424920e-01
0.86800000 3.42460676e-01
0.86900000 3.40482915e-01
0.87000000 3.38493060e-01
0.87100000 3.36491111e-01
0.87200000 3.34475644e-01
0.87300000 3.32448084e-01
0.87400000 3.30408429e-01
0.87500000 3.28355257e-01
0.87600000 3.26289991e-01
0.87700000 3.24211919e-01
0.87800000 3.22121753e-01
0.87900000 3.20018070e-01
0.88000000 3.17901581e-01
0.88100000 3.15772999e-01
0.88200000 3.13630899e-01
0.88300000 3.11476704e-01
0.88400000 3.09308993e-01
0.88500000 3.07128476e-01
0.88600000 3.04935865e-01
0.88700000 3.02729737e-01
0.88800000 3.00510803e-01
0.88900000 2.98278352e-01
0.89000000 2.96033807e-01
0.89100000 2.93775745e-01
0.89200000 2.91504877e-01
0.89300000 2.89221203e-01
0.89400000 2.86924013e-01
0.89500000 2.84613305e-01
0.89600000 2.82239992e-01
0.89700000 2.79854585e-01
0.89800000 2.77456372e-01
0.89900000 2.75046065e-01
0.90000000 2.72623663e-01
0.90100000 2.70422515e-01
0.90200000 2.68209273e-01
0.90300000 2.65985359e-01
0.90400000 2.63750062e-01
0.90500000 2.61502671e-01
0.90600000 2.59244609e-01
0.90700000 2.56975164e-01
0.90800000 2.54694336e-01
0.90900000 2.52402126e-01
0.91000000 2.50097821e-01
0.91100000 2.47782845e-01
0.91200000 2.45456486e-01
0.91300000 2.43118032e-01
0.91400000 2.40768196e-01
0.91500000 2.38406978e-01
0.91600000 2.36034376e-01
0.91700000 2.33649680e-01
0.91800000 2.31253602e-01
0.91900000 2.28846140e-01
0.92000000 2.26426585e-01
0.92100000 2.23995646e-01
0.92200000 2.21553325e-01
0.92300000 2.19099621e-01
0.92400000 2.16633111e-01
0.92500000 2.14155930e-01
0.92600000 2.11633218e-01
0.92700000 2.09099834e-01
0.92800000 2.06555779e-01
0.92900000 2.04000341e-01
0.93000000 2.01434232e-01
0.93100000 1.98856740e-01
0.93200000 1.96268577e-01
0.93300000 1.93669742e-01
0.93400000 1.91059525e-01
0.93500000 1.88437925e-01
0.93600000 1.85805653e-01
0.93700000 1.83162710e-01
0.93800000 1.80508384e-01
0.93900000 1.77842676e-01
0.94000000 1.75166296e-01
0.94100000 1.72478533e-01
0.94200000 1.69779387e-01
0.94300000 1.67069570e-01
0.94400000 1.64348370e-01
0.94500000 1.61615788e-01
0.94600000 1.58871823e-01
0.94700000 1.56117186e-01
0.94800000 1.53351166e-01
0.94900000 1.50573764e-01
0.95000000 1.47784979e-01
0.95100000 1.45633630e-01
0.95200000 1.43487973e-01
0.95300000 1.41347296e-01
0.95400000 1.39213022e-01
0.95500000 1.37083728e-01
0.95600000 1.34960836e-01
0.95700000 1.32842925e-01
0.95800000 1.30731416e-01
0.95900000 1.28625598e-01
0.96000000 1.26525473e-01
0.96100000 1.24431038e-01
0.96200000 1.22342295e-01
0.96300000 1.20259955e-01
0.96400000 1.18183306e-01
0.96500000 1.16113060e-01
0.96600000 1.14048505e-01
0.96700000 1.11989642e-01
0.96800000 1.09937181e-01
0.96900000 1.07890412e-01
0.97000000 1.05850046e-01
0.97100000 1.03815371e-01
0.97200000 1.01787810e-01
0.97300000 9.97652298e-02
0.97400000 9.77497635e-02
0.97500000 9.57399885e-02
0.97600000 9.36875280e-02
0.97700000 9.16436046e-02
0.97800000 8.96075070e-02
0.97900000 8.75792349e-02
0.98000000 8.55595000e-02
0.98100000 8.35483022e-02
0.98200000 8.15449300e-02
0.98300000 7.95500950e-02
0.98400000 7.75637970e-02
0.98500000 7.55853247e-02
0.98600000 7.36161010e-02
0.98700000 7.16547029e-02
0.98800000 6.97015573e-02
0.98900000 6.77572334e-02
0.99000000 6.58213755e-02
0.99100000 6.38941969e-02
0.99200000 6.19754843e-02
0.99300000 6.00655222e-02
0.99400000 5.81641684e-02
0.99500000 5.62714939e-02
0.99600000 5.43876411e-02
0.99700000 5.25124677e-02
0.99800000 5.06461160e-02
0.99900000 4.87885859e-02
1.00000000 4.69399486e-02
1.00100000 4.58900280e-02
1.00200000 4.48490001e-02
1.00300000 4.38167939e-02
1.00400000 4.27934805e-02
1.00500000 4.17789176e-02
1.00600000 4.07733187e-02
1.00700000 3.97765415e-02
1.00800000 3.87885859e-02
1.00900000 3.78095231e-02
1.01000000 3.68393532e-02
1.01100000 3.58780049e-02
1.01200000 3.49255494e-02
1.01300000 3.39819867e-02
1.01400000 3.30472457e-02
1.01500000 3.21213975e-02
1.01600000 3.12044421e-02
1.01700000 3.02963796e-02
1.01800000 2.93971386e-02
1.01900000 2.85067905e-02
1.02000000 2.76253353e-02
1.02100000 2.67527728e-02
1.02200000 2.58891031e-02
1.02300000 2.50343262e-02
1.02400000 2.41884422e-02
1.02500000 2.33514510e-02
1.02600000 2.25233525e-02
1.02700000 2.17041469e-02
1.02800000 2.08938341e-02
1.02900000 2.00924141e-02
1.03000000 1.92998869e-02
1.03100000 1.85163236e-02
1.03200000 1.77415821e-02
1.03300000 1.69758044e-02
1.03400000 1.62189196e-02
1.03500000 1.54709276e-02
1.03600000 1.47318996e-02
1.03700000 1.40017643e-02
1.03800000 1.32805219e-02
1.03900000 1.25682434e-02
1.04000000 1.18648578e-02
1.04100000 1.11704360e-02
1.04200000 1.04848360e-02
1.04300000 9.80827102e-03
1.04400000 9.14059888e-03
1.04500000 8.48181954e-03
1.04600000 7.83200415e-03
1.04700000 7.19115272e-03
1.04800000 6.55922256e-03
1.04900000 5.93622077e-03
1.05000000 5.32216159e-03
1.05100000 5.19733500e-03
1.05200000 5.07381743e-03
1.05300000 4.95161600e-03
1.05400000 4.83072359e-03
1.05500000 4.71114020e-03
1.05600000 4.59287295e-03
1.05700000 4.47591471e-03
1.05800000 4.36027262e-03
1.05900000 4.24593954e-03
1.06000000 4.13292972e-03
1.06100000 4.02122180e-03
1.06200000 3.91083713e-03
1.06300000 3.80176149e-03
1.06400000 3.69400198e-03
1.06500000 3.58755149e-03
1.06600000 3.48242425e-03
1.06700000 3.37860603e-03
1.06800000 3.27611107e-03
1.06900000 3.17492512e-03
1.07000000 3.07505531e-03
1.07100000 2.97650875e-03
1.07200000 2.87927122e-03
1.07300000 2.78335693e-03
1.07400000 2.68875878e-03
1.07500000 2.59547676e-03
1.07600000 2.50351088e-03
1.07700000 2.41286114e-03
1.07800000 2.32353464e-03
1.07900000 2.23553140e-03
1.08000000 2.14883718e-03
1.08100000 2.06346620e-03
1.08200000 1.97941848e-03
1.08300000 1.89668689e-03
1.08400000 1.81527144e-03
1.08500000 1.73518636e-03
1.08600000 1.65641741e-03
1.08700000 1.57896459e-03
1.08800000 1.50283503e-03
1.08900000 1.42802871e-03
1.09000000 1.35454565e-03
1.09100000 1.28238583e-03
1.09200000 1.21154216e-03
1.09300000 1.14202884e-03
1.09400000 1.07383166e-03
1.09500000 1.00696485e-03
1.09600000 9.41414170e-04
1.09700000 8.77193856e-04
1.09800000 8.14289678e-04
1.09900000 7.52715864e-04
1.10000000 6.92464589e-04
1.10100000 6.79954184e-04
1.10200000 6.67532708e-04
1.10300000 6.55200871e-04
1.10400000 6.42959385e-04
1.10500000 6.30807538e-04
1.10600000 6.18746043e-04
1.10700000 6.06773475e-04
1.10800000 5.94890547e-04
1.10900000 5.83097259e-04
1.11000000 5.71394321e-04
1.11100000 5.59781735e-04
1.11200000 5.48258076e-04
1.11300000 5.36824769e-04
1.11400000 5.25481101e-04
1.11500000 5.14227784e-04
1.11600000 5.03064106e-04
1.11700000 4.91989357e-04
1.11800000 4.81006381e-04
1.11900000 4.70112334e-04
1.12000000 4.59308637e-04
1.12100000 4.48594580e-04
1.12200000 4.37971586e-04
1.12300000 4.27437519e-04
1.12400000 4.16994515e-04
1.12500000 4.06641150e-04
1.12600000 3.96377425e-04
1.12700000 3.86204762e-04
1.12800000 3.76121739e-04
1.12900000 3.66129067e-04
1.13000000 3.56226034e-04
1.13100000 3.46414063e-04
1.13200000 3.36691733e-04
1.13300000 3.27060464e-04
1.13400000 3.17518835e-04
1.13500000 3.08067557e-04
1.13600000 2.98706630e-04
1.13700000 2.89436054e-04
1.13800000 2.80255828e-04
1.13900000 2.71165954e-04
1.14000000 2.62166431e-04
1.14100000 2.53257970e-04
1.14200000 2.44439148e-04
1.14300000 2.35711389e-04
1.14400000 2.27073981e-04
1.14500000 2.18526212e-04
1.14600000 2.10070218e-04
1.14700000 2.01703862e-04
