6528.000000 3.40442e-05
6530.000000 6.55983e-05
6532.000000 0.000126154
6534.000000 0.000243061
6536.000000 0.000475608
6538.000000 0.000954686
6540.000000 0.00195992
6542.000000 0.00401072
6544.000000 0.00813527
6546.000000 0.0166068
6548.000000 0.0328106
6550.000000 0.0588226
6552.000000 0.0865814
6554.000000 0.103302
6556.000000 0.109785
6558.000000 0.112344
6560.000000 0.113683
6562.000000 0.113818
6564.000000 0.112672
6566.000000 0.110286
6568.000000 0.10723
6570.000000 0.10477
6572.000000 0.104091
6574.000000 0.103453
6576.000000 0.0942578
6578.000000 0.0639036
6580.000000 0.0290868
6582.000000 0.0110657
6584.000000 0.0042793
6586.000000 0.00181683
6588.000000 0.00083338
6590.000000 0.000411866
6592.000000 0.000215972
6594.000000 0.000114853
6596.000000 5.98746e-05
6598.000000 3.07837e-05
