6830.000000 2.31170312e-04
6840.000000 3.60264774e-04
6850.000000 5.25303906e-04
6860.000000 8.06490981e-04
6870.000000 1.15535822e-03
6880.000000 1.73030242e-03
6890.000000 2.37282908e-03
6900.000000 3.12821029e-03
6910.000000 3.87862938e-03
6920.000000 4.62432585e-03
6922.000000 4.93364370e-03
6924.000000 5.31847573e-03
6926.000000 5.70040521e-03
6928.000000 6.12876589e-03
6930.000000 6.53253633e-03
6932.000000 6.98389708e-03
6934.000000 7.50674867e-03
6936.000000 8.02892970e-03
6938.000000 8.57444607e-03
6940.000000 9.16840532e-03
6942.000000 9.83226523e-03
6944.000000 1.04724545e-02
6946.000000 1.11800826e-02
6948.000000 1.19573526e-02
6950.000000 1.27383587e-02
6952.000000 1.36377657e-02
6954.000000 1.45360232e-02
6956.000000 1.54808365e-02
6958.000000 1.65316933e-02
6960.000000 1.76169402e-02
6962.000000 1.87723080e-02
6964.000000 2.00689715e-02
6966.000000 2.13758849e-02
6968.000000 2.28355893e-02
6970.000000 2.42933778e-02
6972.000000 2.58916956e-02
6974.000000 2.75472981e-02
6976.000000 2.93547336e-02
6978.000000 3.12547059e-02
6980.000000 3.33061279e-02
6982.000000 3.54731730e-02
6984.000000 3.77674321e-02
6986.000000 4.02478183e-02
6988.000000 4.28076175e-02
6990.000000 4.55175255e-02
6992.000000 4.84480463e-02
6994.000000 5.14925616e-02
6996.000000 5.47333582e-02
6998.000000 5.81464877e-02
7000.000000 6.18609842e-02
7002.000000 6.58081635e-02
7004.000000 6.99824698e-02
7006.000000 7.44067017e-02
7008.000000 7.91737793e-02
7010.000000 8.41187459e-02
7012.000000 8.92876781e-02
7014.000000 9.47968695e-02
7016.000000 1.00762518e-01
7018.000000 1.07030300e-01
7020.000000 1.13717658e-01
7022.000000 1.20788191e-01
7024.000000 1.28111619e-01
7026.000000 1.36002146e-01
7028.000000 1.44573766e-01
7030.000000 1.53359964e-01
7032.000000 1.62709429e-01
7034.000000 1.72503377e-01
7036.000000 1.82856760e-01
7038.000000 1.93767662e-01
7040.000000 2.05233210e-01
7042.000000 2.17483308e-01
7044.000000 2.30169267e-01
7046.000000 2.43291088e-01
7048.000000 2.56960849e-01
7050.000000 2.71179508e-01
7052.000000 2.86174095e-01
7054.000000 3.01712791e-01
7056.000000 3.18022626e-01
7058.000000 3.34872738e-01
7060.000000 3.52261210e-01
7062.000000 3.70073091e-01
7064.000000 3.88192469e-01
7066.000000 4.07073407e-01
7068.000000 4.26372963e-01
7070.000000 4.45976186e-01
7072.000000 4.66109147e-01
7074.000000 4.86883927e-01
7076.000000 5.07844546e-01
7078.000000 5.28764932e-01
7080.000000 5.49757163e-01
7082.000000 5.71048270e-01
7084.000000 5.92522344e-01
7086.000000 6.13955226e-01
7088.000000 6.34782692e-01
7090.000000 6.55794082e-01
7092.000000 6.76205803e-01
7094.000000 6.96128019e-01
7096.000000 7.15562644e-01
7098.000000 7.34846874e-01
7100.000000 7.53307277e-01
7102.000000 7.71284881e-01
7104.000000 7.88444406e-01
7106.000000 8.04786811e-01
7108.000000 8.20427048e-01
7110.000000 8.35255913e-01
7112.000000 8.49164200e-01
7114.000000 8.61708385e-01
7116.000000 8.74115585e-01
7118.000000 8.85609871e-01
7120.000000 8.96524605e-01
7122.000000 9.06864576e-01
7124.000000 9.15964978e-01
7126.000000 9.24713816e-01
7128.000000 9.32670441e-01
7130.000000 9.39837725e-01
7132.000000 9.46333496e-01
7134.000000 9.52375205e-01
7136.000000 9.57965725e-01
7138.000000 9.62544664e-01
7140.000000 9.66903277e-01
7142.000000 9.70476382e-01
7144.000000 9.73924955e-01
7146.000000 9.76607179e-01
7148.000000 9.79279823e-01
7150.000000 9.81617189e-01
7152.000000 9.83628857e-01
7154.000000 9.85199874e-01
7156.000000 9.86540985e-01
7158.000000 9.88102423e-01
7160.000000 9.89223209e-01
7162.000000 9.90008717e-01
7164.000000 9.90583479e-01
7166.000000 9.91148662e-01
7168.000000 9.91503099e-01
7170.000000 9.92173655e-01
7172.000000 9.92528092e-01
7174.000000 9.92767576e-01
7176.000000 9.93112433e-01
7178.000000 9.93457290e-01
7180.000000 9.93486028e-01
7182.000000 9.93390235e-01
7184.000000 9.93505187e-01
7186.000000 9.93629719e-01
7188.000000 9.93418973e-01
7190.000000 9.93533925e-01
7192.000000 9.93658457e-01
7194.000000 9.93668037e-01
7196.000000 9.94003314e-01
7198.000000 9.94223640e-01
7200.000000 9.94443965e-01
7202.000000 9.94769664e-01
7204.000000 9.94989990e-01
7206.000000 9.95315688e-01
7208.000000 9.95421061e-01
7210.000000 9.95641387e-01
7212.000000 9.95641387e-01
7214.000000 9.95957506e-01
7216.000000 9.96273625e-01
7218.000000 9.96264046e-01
7220.000000 9.96474792e-01
7222.000000 9.96790911e-01
7224.000000 9.97001657e-01
7226.000000 9.97518943e-01
7228.000000 9.98045809e-01
7230.000000 9.98246975e-01
7232.000000 9.98543936e-01
7234.000000 9.98639729e-01
7236.000000 9.98831317e-01
7238.000000 9.99233650e-01
7240.000000 9.99521032e-01
7242.000000 9.99722198e-01
7244.000000 9.99808413e-01
7246.000000 1.00000000e+00
7248.000000 9.99980841e-01
7250.000000 9.99750936e-01
7252.000000 9.99837151e-01
7254.000000 9.99913786e-01
7256.000000 9.99894627e-01
7258.000000 9.99760516e-01
7260.000000 9.99942524e-01
7262.000000 9.99607246e-01
7264.000000 9.99473135e-01
7266.000000 9.99339023e-01
7268.000000 9.98792999e-01
7270.000000 9.98352348e-01
7272.000000 9.98122444e-01
7274.000000 9.97882959e-01
7276.000000 9.97135768e-01
7278.000000 9.96493951e-01
7280.000000 9.95852133e-01
7282.000000 9.95401902e-01
7284.000000 9.94750505e-01
7286.000000 9.93993735e-01
7288.000000 9.93351917e-01
7290.000000 9.92595147e-01
7292.000000 9.91436043e-01
7294.000000 9.90286519e-01
7296.000000 9.89338161e-01
7298.000000 9.87977891e-01
7300.000000 9.86627200e-01
7302.000000 9.85678842e-01
7304.000000 9.84625111e-01
7306.000000 9.83485166e-01
7308.000000 9.82335642e-01
7310.000000 9.80678411e-01
7312.000000 9.79337299e-01
7314.000000 9.77795021e-01
7316.000000 9.76156948e-01
7318.000000 9.74921210e-01
7320.000000 9.73388511e-01
7322.000000 9.71942026e-01
7324.000000 9.70208160e-01
7326.000000 9.68464714e-01
7328.000000 9.66730848e-01
7330.000000 9.65399316e-01
7332.000000 9.63770823e-01
7334.000000 9.62151910e-01
7336.000000 9.60322250e-01
7338.000000 9.58310582e-01
7340.000000 9.56189710e-01
7342.000000 9.54375377e-01
7344.000000 9.52663544e-01
7346.000000 9.51053252e-01
7348.000000 9.49543543e-01
7350.000000 9.47737832e-01
7352.000000 9.46033662e-01
7354.000000 9.44232740e-01
7356.000000 9.42235442e-01
7358.000000 9.40439310e-01
7360.000000 9.38645094e-01
7362.000000 9.36661206e-01
7364.000000 9.34878486e-01
7366.000000 9.32999013e-01
7368.000000 9.30925080e-01
7370.000000 9.29050397e-01
7372.000000 9.27467885e-01
7374.000000 9.25788622e-01
7376.000000 9.23915855e-01
7378.000000 9.22535468e-01
7380.000000 9.20568823e-01
7382.000000 9.19002596e-01
7384.000000 9.17340575e-01
7386.000000 9.15778180e-01
7388.000000 9.14021324e-01
7390.000000 9.12462760e-01
7392.000000 9.10711651e-01
7394.000000 9.09060168e-01
7396.000000 9.07410601e-01
7398.000000 9.05957410e-01
7400.000000 9.04213965e-01
7402.000000 9.02867105e-01
7404.000000 9.01424452e-01
7406.000000 9.00080467e-01
7408.000000 8.98834191e-01
7410.000000 8.97202824e-01
7412.000000 8.95858838e-01
7414.000000 8.94419059e-01
7416.000000 8.92981196e-01
7418.000000 8.91448497e-01
7420.000000 8.90206052e-01
7422.000000 8.89163817e-01
7424.000000 8.88121581e-01
7426.000000 8.86791965e-01
7428.000000 8.85751645e-01
7430.000000 8.84424903e-01
7432.000000 8.83393204e-01
7434.000000 8.82266670e-01
7436.000000 8.81330766e-01
7438.000000 8.80396777e-01
7440.000000 8.79462789e-01
7442.000000 8.78524969e-01
7444.000000 8.77587148e-01
7446.000000 8.76460614e-01
7448.000000 8.75619546e-01
7450.000000 8.74873313e-01
7452.000000 8.73850236e-01
7454.000000 8.73300380e-01
7456.000000 8.72560853e-01
7458.000000 8.71633570e-01
7460.000000 8.70895001e-01
7462.000000 8.70063511e-01
7464.000000 8.69326858e-01
7466.000000 8.68684082e-01
7468.000000 8.68135184e-01
7470.000000 8.67491450e-01
7472.000000 8.66850591e-01
7474.000000 8.66395570e-01
7476.000000 8.65847631e-01
7478.000000 8.65205813e-01
7480.000000 8.64656915e-01
7482.000000 8.64389650e-01
7484.000000 8.63934630e-01
7486.000000 8.63292813e-01
7488.000000 8.63116552e-01
7490.000000 8.62753494e-01
7492.000000 8.62303264e-01
7494.000000 8.61853033e-01
7496.000000 8.61308925e-01
7498.000000 8.60672855e-01
7500.000000 8.60407506e-01
7502.000000 8.59864356e-01
7504.000000 8.59599008e-01
7506.000000 8.59517583e-01
7508.000000 8.58973475e-01
7510.000000 8.58798172e-01
7512.000000 8.58622870e-01
7514.000000 8.58445651e-01
7516.000000 8.58084509e-01
7518.000000 8.57906333e-01
7520.000000 8.57452271e-01
7522.000000 8.57273137e-01
7524.000000 8.57276010e-01
7526.000000 8.57094960e-01
7528.000000 8.56820990e-01
7530.000000 8.56729986e-01
7532.000000 8.56455058e-01
7534.000000 8.56180130e-01
7536.000000 8.55723195e-01
7538.000000 8.55355347e-01
7540.000000 8.54715445e-01
7542.000000 8.54529605e-01
7544.000000 8.54251803e-01
7546.000000 8.53973044e-01
7548.000000 8.53874376e-01
7550.000000 8.53864797e-01
7552.000000 8.53495033e-01
7554.000000 8.53303446e-01
7556.000000 8.53472043e-01
7558.000000 8.53099405e-01
7560.000000 8.52725810e-01
7562.000000 8.52711441e-01
7564.000000 8.52336887e-01
7566.000000 8.52051422e-01
7568.000000 8.51764999e-01
7570.000000 8.51745840e-01
7572.000000 8.51905816e-01
7574.000000 8.51706565e-01
7576.000000 8.51417268e-01
7578.000000 8.50593442e-01
7580.000000 8.50303187e-01
7582.000000 8.49924802e-01
7584.000000 8.49544501e-01
7586.000000 8.49076070e-01
7588.000000 8.48784857e-01
7590.000000 8.48580816e-01
7592.000000 8.48376776e-01
7594.000000 8.47994559e-01
7596.000000 8.47524212e-01
7598.000000 8.47052907e-01
7600.000000 8.46845992e-01
7602.000000 8.46461860e-01
7604.000000 8.46077727e-01
7606.000000 8.45605464e-01
7608.000000 8.45220373e-01
7610.000000 8.45010585e-01
7612.000000 8.44449234e-01
7614.000000 8.44238488e-01
7616.000000 8.43851481e-01
7618.000000 8.43376345e-01
7620.000000 8.43250855e-01
7622.000000 8.42688546e-01
7624.000000 8.42300581e-01
7626.000000 8.41911659e-01
7628.000000 8.41522737e-01
7630.000000 8.40872297e-01
7632.000000 8.40483375e-01
7634.000000 8.39746721e-01
7636.000000 8.39183455e-01
7638.000000 8.38966003e-01
7640.000000 8.38402736e-01
7642.000000 8.38011898e-01
7644.000000 8.37361458e-01
7646.000000 8.36883448e-01
7648.000000 8.36320181e-01
7650.000000 8.35583527e-01
7652.000000 8.34847832e-01
7654.000000 8.34112136e-01
7656.000000 8.33634126e-01
7658.000000 8.33070859e-01
7660.000000 8.32677146e-01
7662.000000 8.32285350e-01
7664.000000 8.31721125e-01
7666.000000 8.31070686e-01
7668.000000 8.30506461e-01
7670.000000 8.29856980e-01
7672.000000 8.29207499e-01
7674.000000 8.28473719e-01
7676.000000 8.27909494e-01
7678.000000 8.27430526e-01
7680.000000 8.26695788e-01
7682.000000 8.26131563e-01
7684.000000 8.25483040e-01
7686.000000 8.24665919e-01
7688.000000 8.24101695e-01
7690.000000 8.23368873e-01
7692.000000 8.22888946e-01
7694.000000 8.22157083e-01
7696.000000 8.21761455e-01
7698.000000 8.20861952e-01
7700.000000 8.20213428e-01
7702.000000 8.19566821e-01
7704.000000 8.18668276e-01
7706.000000 8.17854030e-01
7708.000000 8.17207422e-01
7710.000000 8.16226495e-01
7712.000000 8.15747526e-01
7714.000000 8.15018536e-01
7716.000000 8.14206206e-01
7718.000000 8.13227194e-01
7720.000000 8.12665843e-01
7722.000000 8.12021151e-01
7724.000000 8.11127396e-01
7726.000000 8.10400322e-01
7728.000000 8.09507525e-01
7730.000000 8.08863791e-01
7732.000000 8.08220057e-01
7734.000000 8.07493941e-01
7736.000000 8.06767825e-01
7738.000000 8.06207432e-01
7740.000000 8.05316550e-01
7742.000000 8.04346160e-01
7744.000000 8.03621960e-01
7746.000000 8.02980142e-01
7748.000000 8.02256900e-01
7750.000000 8.01533657e-01
7752.000000 8.00728990e-01
7754.000000 7.99761474e-01
7756.000000 7.98875382e-01
7758.000000 7.97991206e-01
7760.000000 7.97188455e-01
7762.000000 7.96386662e-01
7764.000000 7.95503444e-01
7766.000000 7.94702608e-01
7768.000000 7.93739882e-01
7770.000000 7.93021429e-01
7772.000000 7.92546292e-01
7774.000000 7.91665948e-01
7776.000000 7.91028920e-01
7778.000000 7.90310467e-01
7780.000000 7.89351572e-01
7782.000000 7.88554569e-01
7784.000000 7.87435698e-01
7786.000000 7.86399211e-01
7788.000000 7.85603165e-01
7790.000000 7.84728569e-01
7792.000000 7.83853972e-01
7794.000000 7.83060800e-01
7796.000000 7.82427604e-01
7798.000000 7.81474457e-01
7800.000000 7.80442758e-01
7802.000000 7.79651503e-01
7804.000000 7.78462703e-01
7806.000000 7.77831422e-01
7808.000000 7.76883065e-01
7810.000000 7.76093725e-01
7812.000000 7.75225834e-01
7814.000000 7.74358901e-01
7816.000000 7.73412459e-01
7818.000000 7.72546484e-01
7820.000000 7.71760018e-01
7822.000000 7.70895958e-01
7824.000000 7.69953348e-01
7826.000000 7.69090247e-01
7828.000000 7.68149553e-01
7830.000000 7.67444512e-01
7832.000000 7.66347674e-01
7834.000000 7.65723099e-01
7836.000000 7.64941422e-01
7838.000000 7.63925051e-01
7840.000000 7.62909638e-01
7842.000000 7.61896140e-01
7844.000000 7.60727457e-01
7846.000000 7.60027205e-01
7848.000000 7.58938031e-01
7850.000000 7.58083551e-01
7852.000000 7.57230029e-01
7854.000000 7.56221322e-01
7856.000000 7.55446351e-01
7858.000000 7.54672338e-01
7860.000000 7.54207738e-01
7862.000000 7.53357090e-01
7864.000000 7.52429807e-01
7866.000000 7.51580117e-01
7868.000000 7.50577157e-01
7870.000000 7.49575155e-01
7872.000000 7.48574111e-01
7874.000000 7.47650660e-01
7876.000000 7.46651531e-01
7878.000000 7.45959901e-01
7880.000000 7.44579514e-01
7882.000000 7.43583259e-01
7884.000000 7.42664598e-01
7886.000000 7.41746894e-01
7888.000000 7.40830148e-01
7890.000000 7.40065714e-01
7892.000000 7.39379832e-01
7894.000000 7.38692991e-01
7896.000000 7.37854796e-01
7898.000000 7.36940924e-01
7900.000000 7.36103687e-01
7902.000000 7.35267408e-01
7904.000000 7.34432087e-01
7906.000000 7.33370693e-01
7908.000000 7.32384976e-01
7910.000000 7.31325497e-01
7912.000000 7.30418331e-01
7914.000000 7.29286050e-01
7916.000000 7.28530237e-01
7918.000000 7.27775383e-01
7920.000000 7.26945810e-01
7922.000000 7.25893037e-01
7924.000000 7.24914983e-01
7926.000000 7.24088283e-01
7928.000000 7.23112146e-01
7930.000000 7.22435842e-01
7932.000000 7.21611058e-01
7934.000000 7.20564033e-01
7936.000000 7.19740207e-01
7938.000000 7.18695098e-01
7940.000000 7.17798469e-01
7942.000000 7.16681515e-01
7944.000000 7.15935282e-01
7946.000000 7.14894004e-01
7948.000000 7.13779924e-01
7950.000000 7.13184087e-01
7952.000000 7.12293205e-01
7954.000000 7.11625523e-01
7956.000000 7.10956883e-01
7958.000000 7.10215440e-01
7960.000000 7.09400236e-01
7962.000000 7.08660708e-01
7964.000000 7.07921181e-01
7966.000000 7.06889483e-01
7968.000000 7.06150913e-01
7970.000000 7.05265780e-01
7972.000000 7.04309759e-01
7974.000000 7.03573105e-01
7976.000000 7.02619000e-01
7978.000000 7.01592091e-01
7980.000000 7.00784550e-01
7982.000000 6.99833319e-01
7984.000000 6.98737439e-01
7986.000000 6.97788123e-01
7988.000000 6.97057218e-01
7990.000000 6.96542805e-01
7992.000000 6.95812857e-01
7994.000000 6.95228516e-01
7996.000000 6.94498568e-01
7998.000000 6.93624929e-01
8000.000000 6.91096934e-01
8002.000000 6.90364112e-01
8004.000000 6.89558487e-01
8006.000000 6.88539242e-01
8008.000000 6.86588882e-01
8010.000000 6.85356975e-01
8012.000000 6.84197871e-01
8014.000000 6.83396078e-01
8016.000000 6.82666130e-01
8018.000000 6.81579830e-01
8020.000000 6.80352712e-01
8022.000000 6.79056624e-01
8024.000000 6.77832380e-01
8026.000000 6.76750869e-01
8028.000000 6.76233583e-01
8030.000000 6.75645410e-01
8032.000000 6.74354111e-01
8034.000000 6.73906754e-01
8036.000000 6.72686343e-01
8038.000000 6.71397917e-01
8040.000000 6.70320238e-01
8042.000000 6.69384334e-01
8044.000000 6.68378500e-01
8046.000000 6.67999157e-01
8048.000000 6.67271125e-01
8050.000000 6.66265291e-01
8052.000000 6.65468287e-01
8054.000000 6.64810185e-01
8056.000000 6.63598394e-01
8058.000000 6.62594477e-01
8060.000000 6.61385560e-01
8062.000000 6.60040617e-01
8064.000000 6.59451485e-01
8066.000000 6.58588384e-01
8068.000000 6.57930281e-01
8070.000000 6.57203207e-01
8072.000000 6.56545104e-01
8074.000000 6.55409949e-01
8076.000000 6.54070753e-01
8078.000000 6.53209568e-01
8080.000000 6.51873246e-01
8082.000000 6.50539797e-01
8084.000000 6.49679570e-01
8086.000000 6.49090439e-01
8088.000000 6.48770488e-01
8090.000000 6.48515677e-01
8092.000000 6.47789560e-01
8094.000000 6.46728166e-01
8096.000000 6.45466563e-01
8098.000000 6.44540238e-01
8100.000000 6.43347607e-01
8102.000000 6.42357100e-01
8104.000000 6.41432691e-01
8106.000000 6.40708490e-01
8108.000000 6.39984290e-01
8110.000000 6.39457424e-01
8112.000000 6.38534931e-01
8114.000000 6.37546340e-01
8116.000000 6.36359456e-01
8118.000000 6.35306684e-01
8120.000000 6.34451246e-01
8122.000000 6.33334291e-01
8124.000000 6.32611049e-01
8126.000000 6.31821709e-01
8128.000000 6.31033327e-01
8130.000000 6.30178847e-01
8132.000000 6.29521702e-01
8134.000000 6.28992921e-01
8136.000000 6.28399000e-01
8138.000000 6.27479380e-01
8140.000000 6.26431397e-01
8142.000000 6.25901658e-01
8144.000000 6.25048136e-01
8146.000000 6.23808566e-01
8148.000000 6.23021142e-01
8150.000000 6.21976032e-01
8152.000000 6.21252790e-01
8154.000000 6.20337960e-01
8156.000000 6.19869529e-01
8158.000000 6.19017923e-01
8160.000000 6.18548534e-01
8162.000000 6.17761110e-01
8164.000000 6.17164315e-01
8166.000000 6.16693010e-01
8168.000000 6.15650774e-01
8170.000000 6.14735945e-01
8172.000000 6.13696583e-01
8174.000000 6.12531732e-01
8176.000000 6.11430104e-01
8178.000000 6.10581372e-01
8180.000000 6.09669416e-01
8182.000000 6.08947131e-01
8184.000000 6.08223889e-01
8186.000000 6.07999732e-01
8188.000000 6.07151000e-01
8190.000000 6.06053204e-01
8192.000000 6.05205430e-01
8194.000000 6.04234081e-01
8196.000000 6.02892012e-01
8198.000000 6.01366018e-01
8200.000000 6.01014455e-01
8202.000000 6.00415745e-01
8204.000000 5.99939650e-01
8206.000000 5.99216408e-01
8208.000000 5.98431857e-01
8210.000000 5.97647307e-01
8212.000000 5.96985372e-01
8214.000000 5.96079164e-01
8216.000000 5.95172956e-01
8218.000000 5.94207355e-01
8220.000000 5.93120097e-01
8222.000000 5.92155454e-01
8224.000000 5.91372819e-01
8226.000000 5.90591143e-01
8228.000000 5.89627458e-01
8230.000000 5.88725082e-01
8232.000000 5.88304547e-01
8234.000000 5.87341821e-01
8236.000000 5.86500752e-01
8238.000000 5.86017952e-01
8240.000000 5.84996791e-01
8242.000000 5.84035980e-01
8244.000000 5.82600033e-01
8246.000000 5.81939056e-01
8248.000000 5.80981119e-01
8250.000000 5.80378577e-01
8252.000000 5.79894819e-01
8254.000000 5.79291318e-01
8256.000000 5.78569992e-01
8258.000000 5.77495186e-01
8260.000000 5.76772902e-01
8262.000000 5.75876273e-01
8264.000000 5.74803383e-01
8266.000000 5.73966147e-01
8268.000000 5.73070475e-01
8270.000000 5.72116370e-01
8272.000000 5.71047313e-01
8274.000000 5.70096081e-01
8276.000000 5.68913029e-01
8278.000000 5.68367005e-01
8280.000000 5.67185869e-01
8282.000000 5.66294987e-01
8284.000000 5.65345672e-01
8286.000000 5.64340796e-01
8288.000000 5.63393396e-01
8290.000000 5.62618425e-01
8292.000000 5.61672941e-01
8294.000000 5.60955446e-01
8296.000000 5.60295428e-01
8298.000000 5.59862440e-01
8300.000000 5.59371019e-01
8302.000000 5.58255980e-01
8304.000000 5.57368930e-01
8306.000000 5.56593959e-01
8308.000000 5.54974088e-01
8310.000000 5.53919399e-01
8312.000000 5.52866626e-01
8314.000000 5.51926890e-01
8316.000000 5.51267830e-01
8318.000000 5.50944047e-01
8320.000000 5.49892232e-01
8322.000000 5.49009972e-01
8324.000000 5.48350911e-01
8326.000000 5.46968608e-01
8328.000000 5.45699342e-01
8330.000000 5.44597714e-01
8332.000000 5.43773889e-01
8334.000000 5.43171346e-01
8336.000000 5.42624364e-01
8338.000000 5.42019906e-01
8340.000000 5.41416406e-01
8342.000000 5.40537977e-01
8344.000000 5.39386537e-01
8346.000000 5.38072248e-01
8348.000000 5.36869079e-01
8350.000000 5.35776073e-01
8352.000000 5.35447500e-01
8354.000000 5.35227175e-01
8356.000000 5.35276987e-01
8358.000000 5.34945541e-01
8360.000000 5.34504890e-01
8362.000000 5.34117884e-01
8364.000000 5.33188685e-01
8366.000000 5.32908967e-01
8368.000000 5.32088015e-01
8370.000000 5.31428955e-01
8372.000000 5.31255568e-01
8374.000000 5.31027579e-01
8376.000000 5.31013210e-01
8378.000000 5.30836950e-01
8380.000000 5.30928911e-01
8382.000000 5.30858024e-01
8384.000000 5.30195132e-01
8386.000000 5.30175973e-01
8388.000000 5.29403876e-01
8390.000000 5.28685423e-01
8392.000000 5.27859681e-01
8394.000000 5.27676715e-01
8396.000000 5.27171883e-01
8398.000000 5.26666092e-01
8400.000000 5.26694830e-01
8402.000000 5.25707197e-01
8404.000000 5.25040473e-01
8406.000000 5.24479122e-01
8408.000000 5.24131391e-01
8410.000000 5.23462751e-01
8412.000000 5.23433055e-01
8414.000000 5.23028805e-01
8416.000000 5.22784531e-01
8418.000000 5.22166662e-01
8420.000000 5.21602437e-01
8422.000000 5.21355289e-01
8424.000000 5.21107184e-01
8426.000000 5.20700060e-01
8428.000000 5.20609056e-01
8430.000000 5.20093686e-01
8432.000000 5.19472943e-01
8434.000000 5.18694140e-01
8436.000000 5.18019753e-01
8438.000000 5.17029246e-01
8440.000000 5.16880766e-01
8442.000000 5.16836700e-01
8444.000000 5.17159525e-01
8446.000000 5.16587637e-01
8448.000000 5.16067477e-01
8450.000000 5.15233114e-01
8452.000000 5.14660268e-01
8454.000000 5.13616116e-01
8456.000000 5.13146727e-01
8458.000000 5.12625609e-01
8460.000000 5.12415821e-01
8462.000000 5.12101618e-01
8464.000000 5.11318026e-01
8466.000000 5.10689619e-01
8468.000000 5.10529643e-01
8470.000000 5.10316981e-01
8472.000000 5.09634930e-01
8474.000000 5.09109023e-01
8476.000000 5.08633886e-01
8478.000000 5.08107021e-01
8480.000000 5.07734383e-01
8482.000000 5.07515974e-01
8484.000000 5.06987192e-01
8486.000000 5.06353996e-01
8488.000000 5.05979443e-01
8490.000000 5.05500474e-01
8492.000000 5.04659406e-01
8494.000000 5.03974481e-01
8496.000000 5.03391097e-01
8498.000000 5.02755985e-01
8500.000000 5.01966645e-01
8502.000000 5.01159104e-01
8504.000000 5.00915788e-01
8506.000000 5.00619785e-01
8508.000000 5.00169555e-01
8510.000000 4.99871636e-01
8512.000000 4.99317949e-01
8514.000000 4.98508492e-01
8516.000000 4.97596536e-01
8518.000000 4.97092661e-01
8520.000000 4.96690328e-01
8522.000000 4.95981454e-01
8524.000000 4.95323352e-01
8526.000000 4.94614478e-01
8528.000000 4.94361583e-01
8530.000000 4.93651752e-01
8532.000000 4.92587484e-01
8534.000000 4.91826882e-01
8536.000000 4.91722466e-01
8538.000000 4.90809553e-01
8540.000000 4.90299930e-01
8542.000000 4.89437787e-01
8544.000000 4.88826623e-01
8546.000000 4.88416626e-01
8548.000000 4.87654108e-01
8550.000000 4.86740236e-01
8552.000000 4.85977718e-01
8554.000000 4.85064804e-01
8556.000000 4.84552308e-01
8558.000000 4.83889416e-01
8560.000000 4.83724651e-01
8562.000000 4.83359677e-01
8564.000000 4.82545430e-01
8566.000000 4.82179498e-01
8568.000000 4.81463919e-01
8570.000000 4.80201358e-01
8572.000000 4.79287486e-01
8574.000000 4.78324760e-01
8576.000000 4.77857287e-01
8578.000000 4.77339043e-01
8580.000000 4.76524796e-01
8582.000000 4.75808259e-01
8584.000000 4.75091722e-01
8586.000000 4.74079183e-01
8588.000000 4.73215124e-01
8590.000000 4.72449732e-01
8592.000000 4.71683383e-01
8594.000000 4.71408455e-01
8596.000000 4.70789627e-01
8598.000000 4.69875756e-01
8600.000000 4.69549099e-01
8602.000000 4.68977211e-01
8604.000000 4.68258758e-01
8606.000000 4.67539347e-01
8608.000000 4.66772040e-01
8610.000000 4.65858168e-01
8612.000000 4.64846586e-01
8614.000000 4.64176031e-01
8616.000000 4.63553371e-01
8618.000000 4.62785106e-01
8620.000000 4.61774482e-01
8622.000000 4.61345327e-01
8624.000000 4.60577061e-01
8626.000000 4.59663189e-01
8628.000000 4.58942821e-01
8630.000000 4.58125700e-01
8632.000000 4.57405332e-01
8634.000000 4.56876551e-01
8636.000000 4.56011534e-01
8638.000000 4.55530649e-01
8640.000000 4.54712571e-01
8642.000000 4.53895451e-01
8644.000000 4.52695156e-01
8646.000000 4.51734345e-01
8648.000000 4.50392275e-01
8650.000000 4.49814639e-01
8652.000000 4.49219760e-01
8654.000000 4.48861492e-01
8656.000000 4.48075984e-01
8658.000000 4.47194682e-01
8660.000000 4.46075811e-01
8662.000000 4.45243364e-01
8664.000000 4.44693508e-01
8666.000000 4.43718328e-01
8668.000000 4.43168472e-01
8670.000000 4.42241189e-01
8672.000000 4.41738272e-01
8674.000000 4.40951806e-01
8676.000000 4.39507237e-01
8678.000000 4.38300237e-01
8680.000000 4.37608606e-01
8682.000000 4.36870037e-01
8684.000000 4.35944670e-01
8686.000000 4.35066241e-01
8688.000000 4.34421550e-01
8690.000000 4.33869778e-01
8692.000000 4.33224129e-01
8694.000000 4.32345700e-01
8696.000000 4.31421291e-01
8698.000000 4.30265061e-01
8700.000000 4.29202709e-01
8702.000000 4.27955475e-01
8704.000000 4.27448726e-01
8706.000000 4.26572214e-01
8708.000000 4.25973503e-01
8710.000000 4.25280915e-01
8712.000000 4.24497323e-01
8714.000000 4.23574829e-01
8716.000000 4.22745256e-01
8718.000000 4.22236591e-01
8720.000000 4.21635965e-01
8722.000000 4.20714429e-01
8724.000000 4.19883898e-01
8726.000000 4.18917340e-01
8728.000000 4.18270732e-01
8730.000000 4.17623167e-01
8732.000000 4.16248527e-01
8734.000000 4.15237904e-01
8736.000000 4.14273261e-01
8738.000000 4.13898708e-01
8740.000000 4.13070092e-01
8742.000000 4.12377504e-01
8744.000000 4.11774961e-01
8746.000000 4.11126438e-01
8748.000000 4.10477915e-01
8750.000000 4.09424184e-01
8752.000000 4.08417392e-01
8754.000000 4.07409643e-01
8756.000000 4.06672031e-01
8758.000000 4.05979443e-01
8760.000000 4.05240873e-01
8762.000000 4.04770526e-01
8764.000000 4.03987892e-01
8766.000000 4.03027081e-01
8768.000000 4.02244446e-01
8770.000000 4.01505877e-01
8772.000000 4.00723242e-01
8774.000000 3.99940608e-01
8776.000000 3.99247062e-01
8778.000000 3.98332232e-01
8780.000000 3.97285207e-01
8782.000000 3.96415400e-01
8784.000000 3.95721853e-01
8786.000000 3.95246717e-01
8788.000000 3.94465040e-01
8790.000000 3.93683364e-01
8792.000000 3.92900729e-01
8794.000000 3.91900643e-01
8796.000000 3.91118966e-01
8798.000000 3.90337290e-01
8800.000000 3.89817130e-01
8802.000000 3.89165733e-01
8804.000000 3.88428121e-01
8806.000000 3.87819831e-01
8808.000000 3.87253690e-01
8810.000000 3.86731615e-01
8812.000000 3.85733444e-01
8814.000000 3.84821488e-01
8816.000000 3.84169133e-01
8818.000000 3.83515820e-01
8820.000000 3.82991829e-01
8822.000000 3.82338516e-01
8824.000000 3.81769501e-01
8826.000000 3.80901610e-01
8828.000000 3.79906314e-01
8830.000000 3.79294192e-01
8832.000000 3.78725177e-01
8834.000000 3.78155205e-01
8836.000000 3.77543083e-01
8838.000000 3.76802598e-01
8840.000000 3.76019963e-01
8842.000000 3.75660737e-01
8844.000000 3.75257446e-01
8846.000000 3.74516002e-01
8848.000000 3.74196051e-01
8850.000000 3.73580098e-01
8852.000000 3.72627909e-01
8854.000000 3.71675719e-01
8856.000000 3.71059766e-01
8858.000000 3.70569302e-01
8860.000000 3.70285753e-01
8862.000000 3.70043395e-01
8864.000000 3.69465759e-01
8866.000000 3.69054804e-01
8868.000000 3.68351678e-01
8870.000000 3.67524020e-01
8872.000000 3.66779703e-01
8874.000000 3.65952046e-01
8876.000000 3.65291069e-01
8878.000000 3.64751751e-01
8880.000000 3.64377197e-01
8882.000000 3.63960495e-01
8884.000000 3.63296644e-01
8886.000000 3.62878984e-01
8888.000000 3.62214176e-01
8890.000000 3.61671025e-01
8892.000000 3.60883601e-01
8894.000000 3.60177602e-01
8896.000000 3.59958234e-01
8898.000000 3.59738866e-01
8900.000000 3.59435200e-01
8902.000000 3.59050110e-01
8904.000000 3.58421703e-01
8906.000000 3.58115163e-01
8908.000000 3.57847899e-01
8910.000000 3.57377552e-01
8912.000000 3.56786505e-01
8914.000000 3.56034524e-01
8916.000000 3.55362052e-01
8918.000000 3.54329396e-01
8920.000000 3.53697158e-01
8922.000000 3.53542930e-01
8924.000000 3.53545804e-01
8926.000000 3.53347511e-01
8928.000000 3.53028518e-01
8930.000000 3.52787118e-01
8932.000000 3.52188407e-01
8934.000000 3.51273577e-01
8936.000000 3.50871244e-01
8938.000000 3.50546503e-01
8940.000000 3.50181529e-01
8942.000000 3.49658495e-01
8944.000000 3.49016678e-01
8946.000000 3.48570279e-01
8948.000000 3.48239791e-01
8950.000000 3.47829794e-01
8952.000000 3.47483979e-01
8954.000000 3.47176481e-01
8956.000000 3.46827792e-01
8958.000000 3.46207049e-01
8960.000000 3.45547030e-01
8962.000000 3.45157150e-01
8964.000000 3.44997174e-01
8966.000000 3.44796007e-01
8968.000000 3.44670518e-01
8970.000000 3.44158979e-01
8972.000000 3.43685758e-01
8974.000000 3.43057352e-01
8976.000000 3.42468220e-01
8978.000000 3.42029485e-01
8980.000000 3.41514115e-01
8982.000000 3.41605119e-01
8984.000000 3.41540937e-01
8986.000000 3.40907741e-01
8988.000000 3.40424941e-01
8990.000000 3.39865506e-01
8992.000000 3.39343430e-01
8994.000000 3.38745677e-01
8996.000000 3.38521520e-01
8998.000000 3.38519604e-01
9000.000000 3.38626893e-01
9002.000000 3.38378787e-01
9004.000000 3.38129724e-01
9006.000000 3.37656503e-01
9008.000000 3.37329846e-01
9010.000000 3.36707187e-01
9012.000000 3.36267494e-01
9014.000000 3.36233967e-01
9016.000000 3.36345087e-01
9018.000000 3.36379573e-01
9020.000000 3.36264621e-01
9022.000000 3.35781820e-01
9024.000000 3.35298062e-01
9026.000000 3.34630380e-01
9028.000000 3.34436877e-01
9030.000000 3.34350662e-01
9032.000000 3.34371737e-01
9034.000000 3.34135127e-01
9036.000000 3.33970361e-01
9038.000000 3.33659032e-01
9040.000000 3.33129293e-01
9042.000000 3.32346658e-01
9044.000000 3.31996053e-01
9046.000000 3.31643532e-01
9048.000000 3.31541991e-01
9050.000000 3.31508463e-01
9052.000000 3.31152111e-01
9054.000000 3.30721997e-01
9056.000000 3.30362771e-01
9058.000000 3.30073474e-01
9060.000000 3.29568641e-01
9062.000000 3.28957477e-01
9064.000000 3.28946940e-01
9066.000000 3.28863599e-01
9068.000000 3.28495752e-01
9070.000000 3.28337692e-01
9072.000000 3.28176759e-01
9074.000000 3.27979424e-01
9076.000000 3.27675757e-01
9078.000000 3.27509076e-01
9080.000000 3.27097164e-01
9082.000000 3.26683335e-01
9084.000000 3.26025232e-01
9086.000000 3.25679417e-01
9088.000000 3.25227271e-01
9090.000000 3.25362340e-01
9092.000000 3.25148720e-01
9094.000000 3.24830685e-01
9096.000000 3.24957132e-01
9098.000000 3.24805778e-01
9100.000000 3.24344053e-01
9102.000000 3.23881369e-01
9104.000000 3.23316186e-01
9106.000000 3.22953128e-01
9108.000000 3.22759625e-01
9110.000000 3.22495234e-01
9112.000000 3.22093859e-01
9114.000000 3.21521970e-01
9116.000000 3.21118679e-01
9118.000000 3.20477819e-01
9120.000000 3.20575529e-01
9122.000000 3.20402142e-01
9124.000000 3.20428006e-01
9126.000000 3.20315928e-01
9128.000000 3.19835043e-01
9130.000000 3.19319673e-01
9132.000000 3.18703720e-01
9134.000000 3.17921085e-01
9136.000000 3.17568564e-01
9138.000000 3.17347281e-01
9140.000000 3.16925789e-01
9142.000000 3.16798383e-01
9144.000000 3.16767729e-01
9146.000000 3.16406587e-01
9148.000000 3.15618205e-01
9150.000000 3.14829822e-01
9152.000000 3.14334569e-01
9154.000000 3.13838358e-01
9156.000000 3.13405370e-01
9158.000000 3.12874673e-01
9160.000000 3.12536521e-01
9162.000000 3.12228066e-01
9164.000000 3.11821900e-01
9166.000000 3.11704074e-01
9168.000000 3.11710780e-01
9170.000000 3.11522066e-01
9172.000000 3.11204031e-01
9174.000000 3.10692493e-01
9176.000000 3.09702944e-01
9178.000000 3.08936594e-01
9180.000000 3.08200899e-01
9182.000000 3.07719056e-01
9184.000000 3.07424012e-01
9186.000000 3.07095439e-01
9188.000000 3.06514929e-01
9190.000000 3.06089605e-01
9192.000000 3.05536876e-01
9194.000000 3.04890268e-01
9196.000000 3.04118171e-01
9198.000000 3.03501260e-01
9200.000000 3.03132454e-01
9202.000000 3.02637201e-01
9204.000000 3.02357483e-01
9206.000000 3.01920664e-01
9208.000000 3.01298005e-01
9210.000000 3.00583384e-01
9212.000000 2.99867805e-01
9214.000000 2.99213534e-01
9216.000000 2.98801621e-01
9218.000000 2.98418446e-01
9220.000000 2.98033355e-01
9222.000000 2.97616653e-01
9224.000000 2.96865630e-01
9226.000000 2.96145262e-01
9228.000000 2.95333889e-01
9230.000000 2.94702608e-01
9232.000000 2.94039716e-01
9234.000000 2.93287736e-01
9236.000000 2.92713931e-01
9238.000000 2.92376737e-01
9240.000000 2.92037628e-01
9242.000000 2.91459992e-01
9244.000000 2.90851702e-01
9246.000000 2.90212758e-01
9248.000000 2.89572856e-01
9250.000000 2.88903258e-01
9252.000000 2.88107212e-01
9254.000000 2.87223036e-01
9256.000000 2.86484467e-01
9258.000000 2.85485339e-01
9260.000000 2.84630859e-01
9262.000000 2.83893248e-01
9264.000000 2.83529231e-01
9266.000000 2.83279210e-01
9268.000000 2.82910404e-01
9270.000000 2.82311694e-01
9272.000000 2.81683287e-01
9274.000000 2.80824975e-01
9276.000000 2.80139092e-01
9278.000000 2.79451294e-01
9280.000000 2.78650458e-01
9282.000000 2.77793105e-01
9284.000000 2.77076568e-01
9286.000000 2.76246994e-01
9288.000000 2.75473939e-01
9290.000000 2.74812005e-01
9292.000000 2.74150070e-01
9294.000000 2.73347319e-01
9296.000000 2.72268682e-01
9298.000000 2.71494669e-01
9300.000000 2.70692876e-01
9302.000000 2.70221571e-01
9304.000000 2.69474380e-01
9306.000000 2.68972421e-01
9308.000000 2.68551887e-01
9310.000000 2.67747220e-01
9312.000000 2.66779703e-01
9314.000000 2.65867747e-01
9316.000000 2.65090860e-01
9318.000000 2.64260329e-01
9320.000000 2.63483442e-01
9322.000000 2.62973820e-01
9324.000000 2.62436417e-01
9326.000000 2.61844412e-01
9328.000000 2.61251449e-01
9330.000000 2.60418044e-01
9332.000000 2.59770478e-01
9334.000000 2.58962937e-01
9336.000000 2.58182219e-01
9338.000000 2.57217576e-01
9340.000000 2.56489544e-01
9342.000000 2.55813241e-01
9344.000000 2.55240394e-01
9346.000000 2.54665632e-01
9348.000000 2.54193369e-01
9350.000000 2.53254591e-01
9352.000000 2.52574456e-01
9354.000000 2.51713270e-01
9356.000000 2.50827179e-01
9358.000000 2.49890316e-01
9360.000000 2.49157494e-01
9362.000000 2.48323131e-01
9364.000000 2.47488768e-01
9366.000000 2.47082603e-01
9368.000000 2.46599803e-01
9370.000000 2.46214712e-01
9372.000000 2.45752028e-01
9374.000000 2.45088178e-01
9376.000000 2.44373557e-01
9378.000000 2.43683842e-01
9380.000000 2.42473968e-01
9382.000000 2.41438438e-01
9384.000000 2.40698911e-01
9386.000000 2.39959383e-01
9388.000000 2.39390369e-01
9390.000000 2.38893200e-01
9392.000000 2.38321311e-01
9394.000000 2.37529097e-01
9396.000000 2.36834593e-01
9398.000000 2.36258873e-01
9400.000000 2.35561495e-01
9402.000000 2.34720426e-01
9404.000000 2.34093935e-01
9406.000000 2.33346744e-01
9408.000000 2.32457779e-01
9410.000000 2.31781475e-01
9412.000000 2.31010336e-01
9414.000000 2.30380014e-01
9416.000000 2.29607916e-01
9418.000000 2.28951730e-01
9420.000000 2.28410495e-01
9422.000000 2.27729402e-01
9424.000000 2.27023402e-01
9426.000000 2.26432355e-01
9428.000000 2.25678459e-01
9430.000000 2.24856549e-01
9432.000000 2.23965668e-01
9434.000000 2.23301817e-01
9436.000000 2.22569953e-01
9438.000000 2.21995191e-01
9440.000000 2.21351458e-01
9442.000000 2.20548706e-01
9444.000000 2.19746913e-01
9446.000000 2.19011217e-01
9448.000000 2.18119378e-01
9450.000000 2.17339617e-01
9452.000000 2.16491843e-01
9454.000000 2.15557855e-01
9456.000000 2.14864308e-01
9458.000000 2.14082632e-01
9460.000000 2.13062429e-01
9462.000000 2.12411032e-01
9464.000000 2.11500034e-01
9466.000000 2.10545928e-01
9468.000000 2.09592781e-01
9470.000000 2.08747881e-01
9472.000000 2.07838798e-01
9474.000000 2.07079154e-01
9476.000000 2.06319510e-01
9478.000000 2.05432461e-01
9480.000000 2.04566486e-01
9482.000000 2.03575979e-01
9484.000000 2.02627621e-01
9486.000000 2.01555690e-01
9488.000000 2.00527823e-01
9490.000000 1.99500915e-01
9492.000000 1.98619613e-01
9494.000000 1.97533312e-01
9496.000000 1.96612735e-01
9498.000000 1.95510149e-01
9500.000000 1.94349130e-01
9502.000000 1.93359581e-01
9504.000000 1.92351831e-01
9506.000000 1.91306722e-01
9508.000000 1.90065236e-01
9510.000000 1.88987556e-01
9512.000000 1.87932868e-01
9514.000000 1.86861894e-01
9516.000000 1.85873303e-01
9518.000000 1.84709410e-01
9520.000000 1.83589581e-01
9522.000000 1.82375875e-01
9524.000000 1.81224435e-01
9526.000000 1.80037551e-01
9528.000000 1.78836298e-01
9530.000000 1.77580443e-01
9532.000000 1.76079355e-01
9534.000000 1.74737286e-01
9536.000000 1.73305170e-01
9538.000000 1.71974596e-01
9540.000000 1.70610493e-01
9542.000000 1.69327816e-01
9544.000000 1.67728061e-01
9546.000000 1.66097652e-01
9548.000000 1.64455748e-01
9550.000000 1.62745831e-01
9552.000000 1.61118296e-01
9554.000000 1.59610503e-01
9556.000000 1.58183177e-01
9558.000000 1.56279756e-01
9560.000000 1.54497035e-01
9562.000000 1.52869500e-01
9564.000000 1.51249629e-01
9566.000000 1.49472656e-01
9568.000000 1.47666944e-01
9570.000000 1.45889013e-01
9572.000000 1.43974097e-01
9574.000000 1.42068761e-01
9576.000000 1.40173003e-01
9578.000000 1.38376872e-01
9580.000000 1.36499315e-01
9582.000000 1.34578651e-01
9584.000000 1.32755697e-01
9586.000000 1.30783305e-01
9588.000000 1.28803249e-01
9590.000000 1.26762844e-01
9592.000000 1.24786620e-01
9594.000000 1.22732803e-01
9596.000000 1.20586066e-01
9598.000000 1.18588767e-01
9600.000000 1.16672893e-01
9602.000000 1.14801084e-01
9604.000000 1.12836356e-01
9606.000000 1.10951136e-01
9608.000000 1.09059210e-01
9610.000000 1.06955580e-01
9612.000000 1.04813633e-01
9614.000000 1.02733952e-01
9616.000000 1.00751023e-01
9618.000000 9.87623454e-02
9620.000000 9.68522191e-02
9622.000000 9.49196770e-02
9624.000000 9.29149065e-02
9626.000000 9.10379247e-02
9628.000000 8.91223381e-02
9630.000000 8.71191003e-02
9632.000000 8.50785987e-02
9634.000000 8.31647364e-02
9636.000000 8.12786543e-02
9638.000000 7.93226428e-02
9640.000000 7.75565901e-02
9642.000000 7.58655440e-02
9644.000000 7.42168386e-02
9646.000000 7.26259927e-02
9648.000000 7.09490282e-02
9650.000000 6.93140213e-02
9652.000000 6.75623377e-02
9654.000000 6.59005087e-02
9656.000000 6.43747066e-02
9658.000000 6.28583882e-02
9660.000000 6.13514575e-02
9662.000000 5.98227817e-02
9664.000000 5.83811823e-02
9666.000000 5.69950475e-02
9668.000000 5.55713615e-02
9670.000000 5.42180839e-02
9672.000000 5.28275426e-02
9674.000000 5.14762767e-02
9676.000000 5.01184968e-02
9678.000000 4.88752862e-02
9680.000000 4.76098514e-02
9682.000000 4.63976780e-02
9684.000000 4.52083034e-02
9686.000000 4.41010240e-02
9688.000000 4.28823366e-02
9690.000000 4.17159525e-02
9692.000000 4.06161451e-02
9694.000000 3.95969001e-02
9696.000000 3.85551436e-02
9698.000000 3.76221130e-02
9700.000000 3.66517228e-02
9702.000000 3.56444521e-02
9704.000000 3.46439827e-02
9706.000000 3.37648839e-02
9708.000000 3.28630821e-02
9710.000000 3.19815885e-02
9712.000000 3.12051805e-02
9714.000000 3.04057821e-02
9716.000000 2.96117481e-02
9718.000000 2.88791179e-02
9720.000000 2.80817312e-02
9722.000000 2.73592551e-02
9724.000000 2.66694447e-02
9726.000000 2.59704381e-02
9728.000000 2.52489199e-02
9730.000000 2.45187804e-02
9732.000000 2.38618272e-02
9734.000000 2.32365817e-02
9736.000000 2.26156469e-02
9738.000000 2.19722007e-02
9740.000000 2.14537652e-02
9742.000000 2.08989281e-02
9744.000000 2.03214837e-02
9746.000000 1.97349388e-02
9748.000000 1.91789522e-02
9750.000000 1.86793881e-02
9752.000000 1.81815482e-02
9754.000000 1.77002807e-02
9756.000000 1.72614497e-02
9758.000000 1.68129436e-02
9760.000000 1.64062036e-02
9762.000000 1.59385388e-02
9764.000000 1.54872546e-02
9766.000000 1.50646128e-02
9768.000000 1.46703260e-02
9770.000000 1.42915577e-02
9772.000000 1.39281164e-02
9774.000000 1.35923595e-02
9776.000000 1.32342826e-02
9778.000000 1.28542690e-02
9780.000000 1.25018440e-02
9782.000000 1.21776782e-02
9784.000000 1.18292765e-02
9786.000000 1.15235030e-02
9788.000000 1.12128440e-02
9790.000000 1.08866665e-02
9792.000000 1.05845331e-02
9794.000000 1.03607591e-02
9796.000000 1.00501001e-02
9798.000000 9.78417680e-03
9800.000000 9.52154879e-03
9802.000000 9.27500455e-03
9804.000000 9.06172946e-03
9806.000000 8.81198571e-03
9808.000000 8.54241266e-03
9810.000000 8.34139916e-03
9812.000000 8.09869625e-03
9814.000000 7.86590798e-03
9816.000000 7.65532469e-03
9818.000000 7.49132588e-03
9820.000000 7.29733406e-03
9822.000000 7.10936767e-03
9824.000000 6.92181318e-03
9826.000000 6.76220172e-03
9828.000000 6.58635323e-03
9830.000000 6.37709189e-03
9832.000000 6.20105181e-03
9834.000000 6.07824429e-03
9836.000000 5.90596891e-03
9838.000000 5.75116629e-03
9840.000000 5.61357780e-03
9842.000000 5.48558784e-03
9844.000000 5.35652499e-03
9846.000000 5.15951567e-03
9848.000000 5.04126793e-03
9850.000000 4.93744671e-03
9852.000000 4.82313609e-03
9854.000000 4.70567386e-03
9856.000000 4.57087297e-03
9858.000000 4.44231782e-03
9860.000000 4.31187554e-03
9862.000000 4.22168578e-03
9864.000000 4.10531559e-03
9866.000000 3.99493251e-03
9868.000000 3.93189068e-03
9870.000000 3.81438055e-03
9872.000000 3.71744691e-03
9874.000000 3.62233334e-03
9876.000000 3.54930023e-03
9878.000000 3.43943443e-03
9880.000000 3.37545382e-03
9882.000000 3.28731404e-03
9884.000000 3.20090812e-03
9886.000000 3.12279794e-03
9888.000000 3.04911343e-03
9890.000000 2.96216149e-03
9892.000000 2.90646703e-03
9894.000000 2.84481421e-03
9896.000000 2.77183857e-03
9898.000000 2.70315449e-03
9900.000000 2.65527680e-03
9910.000000 2.42170302e-03
9920.000000 2.19783315e-03
9930.000000 1.98360970e-03
9940.000000 1.76792061e-03
9950.000000 1.55938730e-03
9960.000000 1.39026353e-03
9970.000000 1.23232846e-03
9980.000000 1.10046843e-03
9990.000000 9.72603002e-04
10000.000000 8.71478384e-04
10010.000000 7.85385713e-04
10020.000000 7.15373931e-04
10030.000000 6.44915749e-04
10040.000000 5.89426292e-04
10050.000000 5.33980899e-04
10060.000000 4.88247071e-04
10070.000000 4.41728693e-04
10080.000000 4.04150741e-04
10090.000000 3.67754883e-04
10100.000000 3.37235011e-04
10110.000000 3.07360788e-04
10120.000000 2.81843262e-04
10130.000000 2.57200333e-04
10140.000000 2.36098897e-04
10150.000000 2.15058769e-04
