0.49660000 3.34983176e-04
0.49680000 3.94652975e-04
0.49700000 5.04034240e-04
0.49720000 6.94618107e-04
0.49740000 1.13852926e-03
0.49760000 1.81134608e-03
0.49780000 3.05348768e-03
0.49800000 5.05163967e-03
0.49820000 9.00455029e-03
0.49840000 1.70096062e-02
0.49860000 3.29451350e-02
0.49880000 6.43313168e-02
0.49900000 1.26046479e-01
0.49920000 2.39240573e-01
0.49940000 4.20225248e-01
0.49960000 6.53341237e-01
0.49980000 8.51648390e-01
0.50000000 9.52080755e-01
0.50020000 9.80433759e-01
0.50040000 9.88920658e-01
0.50060000 9.94846493e-01
0.50080000 9.98715110e-01
0.50100000 9.99998257e-01
0.50120000 9.95221325e-01
0.50140000 9.82098712e-01
0.50160000 9.61979811e-01
0.50180000 9.36222737e-01
0.50200000 9.10901515e-01
0.50220000 8.90908140e-01
0.50240000 8.80112973e-01
0.50260000 8.61048833e-01
0.50280000 7.92804965e-01
0.50300000 6.19280322e-01
0.50320000 3.70932199e-01
0.50340000 1.80123433e-01
0.50360000 8.18204641e-02
0.50380000 3.84384316e-02
0.50400000 1.93561603e-02
0.50420000 1.03160969e-02
0.50440000 5.83958925e-03
0.50460000 3.38442093e-03
0.50480000 2.12798340e-03
0.50500000 1.34968706e-03
0.50520000 9.61702610e-04
0.50540000 6.02930665e-04
0.50560000 4.22015726e-04
0.50580000 3.12923865e-04
0.50600000 2.72933629e-04
