6666.000000 2.04490120e-04
6668.000000 7.34112679e-04
6670.000000 1.41421003e-03
6672.000000 2.42219357e-03
6674.000000 4.20777858e-03
6676.000000 6.72493161e-03
6678.000000 1.05532277e-02
6680.000000 1.62536054e-02
6682.000000 2.40997859e-02
6684.000000 3.55839304e-02
6686.000000 5.03534740e-02
6688.000000 7.05882693e-02
6690.000000 9.79198175e-02
6692.000000 1.32347375e-01
6694.000000 1.79724626e-01
6696.000000 2.40719345e-01
6698.000000 3.19244787e-01
6700.000000 4.22160514e-01
6702.000000 5.32944074e-01
6704.000000 6.57724444e-01
6706.000000 7.70193142e-01
6708.000000 8.58221969e-01
6710.000000 9.19519996e-01
6712.000000 9.52677295e-01
6714.000000 9.67652625e-01
6716.000000 9.72693989e-01
6718.000000 9.76140299e-01
6720.000000 9.80189919e-01
6722.000000 9.85586658e-01
6724.000000 9.91330507e-01
6726.000000 9.95851205e-01
6728.000000 9.98537178e-01
6730.000000 1.00000000e+00
6732.000000 9.99991735e-01
6734.000000 9.99371896e-01
6736.000000 9.98272713e-01
6738.000000 9.96074348e-01
6740.000000 9.92421425e-01
6742.000000 9.87066009e-01
6744.000000 9.78809742e-01
6746.000000 9.68255936e-01
6748.000000 9.55164919e-01
6750.000000 9.39429251e-01
6752.000000 9.20445624e-01
6754.000000 8.95180952e-01
6756.000000 8.59676526e-01
6758.000000 8.07169481e-01
6760.000000 7.33950694e-01
6762.000000 6.38363953e-01
6764.000000 5.25041529e-01
6766.000000 4.08002545e-01
6768.000000 2.98339656e-01
6770.000000 2.03384325e-01
6772.000000 1.34422599e-01
6774.000000 8.55345912e-02
6776.000000 5.34257308e-02
6778.000000 3.38973876e-02
6780.000000 2.15718312e-02
6782.000000 1.38802800e-02
6784.000000 9.03156224e-03
6786.000000 5.95972694e-03
6788.000000 3.92394978e-03
6790.000000 2.55847569e-03
6792.000000 1.62405474e-03
6794.000000 1.00238845e-03
6796.000000 5.22436549e-04
