# wave[microns]    norm_trans
0.79100000 2.08668968e-04
0.79200000 4.15181301e-04
0.79300000 6.19547802e-04
0.79400000 8.21779804e-04
0.79500000 1.02189048e-03
0.79600000 1.21989038e-03
0.79700000 1.41579003e-03
0.79800000 1.60959998e-03
0.79900000 1.80133867e-03
0.80000000 1.99100875e-03
0.80100000 2.17395647e-03
0.80200000 2.35402656e-03
0.80300000 2.53123221e-03
0.80400000 2.70559713e-03
0.80500000 2.87709497e-03
0.80600000 3.04579952e-03
0.80700000 3.21168441e-03
0.80800000 3.37477601e-03
0.80900000 3.53510066e-03
0.81000000 3.69265837e-03
0.81100000 3.84744914e-03
0.81200000 3.99952567e-03
0.81300000 4.14886160e-03
0.81400000 4.29550964e-03
0.81500000 4.43944345e-03
0.81600000 4.58071572e-03
0.81700000 4.71932645e-03
0.81800000 4.85527564e-03
0.81900000 4.98858965e-03
0.82000000 5.11926847e-03
0.82100000 5.24733846e-03
0.82200000 5.37282597e-03
0.82300000 5.49573100e-03
0.82400000 5.61607990e-03
0.82500000 5.73387267e-03
0.82600000 5.84910931e-03
0.82700000 5.96184252e-03
0.82800000 6.07204596e-03
0.82900000 6.17977232e-03
0.83000000 6.28499526e-03
0.83100000 6.38776747e-03
0.83200000 1.61574523e-02
0.83300000 2.62630178e-02
0.83400000 3.92834932e-02
0.83500000 5.29005481e-02
0.83600000 7.00166017e-02
0.83700000 8.76899968e-02
0.83800000 1.09997101e-01
0.83900000 1.31300727e-01
0.84000000 1.58570939e-01
0.84100000 1.84807104e-01
0.84200000 2.14397597e-01
0.84300000 2.44992358e-01
0.84400000 2.78056815e-01
0.84500000 3.10870138e-01
0.84600000 3.47475493e-01
0.84700000 3.81477285e-01
0.84800000 4.18881100e-01
0.84900000 4.53931696e-01
0.85000000 4.91633288e-01
0.85100000 5.25682513e-01
0.85200000 5.62725308e-01
0.85300000 5.95736271e-01
0.85400000 6.29777590e-01
0.85500000 6.59750184e-01
0.85600000 6.91338147e-01
0.85700000 7.19292189e-01
0.85800000 7.46916834e-01
0.85900000 7.70016865e-01
0.86000000 7.94682197e-01
0.86100000 8.15676716e-01
0.86200000 8.37593549e-01
0.86300000 8.56464109e-01
0.86400000 8.75345209e-01
0.86500000 8.89728049e-01
0.86600000 9.05726257e-01
0.86700000 9.18282913e-01
0.86800000 9.30581322e-01
0.86900000 9.41946875e-01
0.87000000 9.51902604e-01
0.87100000 9.61391905e-01
0.87200000 9.68849478e-01
0.87300000 9.75492780e-01
0.87400000 9.81875198e-01
0.87500000 9.85651418e-01
0.87600000 9.91301254e-01
0.87700000 9.94426584e-01
0.87800000 9.96194793e-01
0.87900000 9.98197533e-01
0.88000000 9.99955202e-01
0.88100000 9.99989459e-01
0.88200000 9.99146200e-01
0.88300000 9.97117108e-01
0.88400000 9.97206704e-01
0.88500000 9.94945715e-01
0.88600000 9.91011384e-01
0.88700000 9.89079793e-01
0.88800000 9.85959734e-01
0.88900000 9.83553810e-01
0.89000000 9.78921155e-01
0.89100000 9.76473068e-01
0.89200000 9.71479393e-01
0.89300000 9.66488352e-01
0.89400000 9.61945294e-01
0.89500000 9.55826394e-01
0.89600000 9.50139665e-01
0.89700000 9.45330452e-01
0.89800000 9.37250975e-01
0.89900000 9.32826499e-01
0.90000000 9.26048804e-01
0.90100000 9.18108991e-01
0.90200000 9.13623906e-01
0.90300000 9.08182249e-01
0.90400000 9.01430905e-01
0.90500000 8.95478023e-01
0.90600000 8.89092969e-01
0.90700000 8.80813218e-01
0.90800000 8.74736482e-01
0.90900000 8.67555602e-01
0.91000000 8.60343101e-01
0.91100000 8.53981765e-01
0.91200000 8.45870665e-01
0.91300000 8.38623906e-01
0.91400000 8.31485190e-01
0.91500000 8.22852324e-01
0.91600000 8.16609571e-01
0.91700000 8.07420681e-01
0.91800000 8.00345209e-01
0.91900000 7.91994308e-01
0.92000000 7.84447138e-01
0.92100000 7.76191104e-01
0.92200000 7.68614947e-01
0.92300000 7.61125751e-01
0.92400000 7.52287341e-01
0.92500000 7.43920628e-01
0.92600000 7.34845051e-01
0.92700000 7.27242542e-01
0.92800000 7.17489723e-01
0.92900000 7.08295562e-01
0.93000000 7.01090967e-01
0.93100000 6.90792664e-01
0.93200000 6.83142722e-01
0.93300000 6.73360915e-01
0.93400000 6.65776853e-01
0.93500000 6.55789501e-01
0.93600000 6.46890482e-01
0.93700000 6.38695056e-01
0.93800000 6.28929061e-01
0.93900000 6.18902182e-01
0.94000000 6.10640877e-01
0.94100000 6.00490144e-01
0.94200000 5.91472541e-01
0.94300000 5.82826499e-01
0.94400000 5.73113208e-01
0.94500000 5.63608095e-01
0.94600000 5.53757774e-01
0.94700000 5.45209234e-01
0.94800000 5.35379994e-01
0.94900000 5.25023717e-01
0.95000000 5.15716243e-01
0.95100000 5.08361442e-01
0.95200000 5.00785285e-01
0.95300000 4.92979867e-01
0.95400000 4.85812164e-01
0.95500000 4.78362496e-01
0.95600000 4.71666491e-01
0.95700000 4.62951934e-01
0.95800000 4.56010857e-01
0.95900000 4.49093496e-01
0.96000000 4.41498893e-01
0.96100000 4.34007062e-01
0.96200000 4.26794561e-01
0.96300000 4.19824497e-01
0.96400000 4.12548751e-01
0.96500000 4.05502266e-01
0.96600000 3.98281859e-01
0.96700000 3.90853273e-01
0.96800000 3.82945083e-01
0.96900000 3.76834089e-01
0.97000000 3.69819226e-01
0.97100000 3.62308949e-01
0.97200000 3.55736798e-01
0.97300000 3.47944556e-01
0.97400000 3.40950775e-01
0.97500000 3.34133551e-01
0.97600000 3.27271529e-01
0.97700000 3.20475387e-01
0.97800000 3.12835986e-01
0.97900000 3.06055655e-01
0.98000000 2.98877411e-01
0.98100000 2.91459365e-01
0.98200000 2.84847686e-01
0.98300000 2.77732687e-01
0.98400000 2.70409508e-01
0.98500000 2.64000738e-01
0.98600000 2.57006957e-01
0.98700000 2.50372352e-01
0.98800000 2.43502424e-01
0.98900000 2.36785338e-01
0.99000000 2.29868768e-01
0.99100000 2.22995942e-01
0.99200000 2.16299673e-01
0.99300000 2.09744914e-01
0.99400000 2.03071045e-01
0.99500000 1.96479920e-01
0.99600000 1.89950459e-01
0.99700000 1.83225993e-01
0.99800000 1.77007220e-01
0.99900000 1.70450090e-01
1.00000000 1.63963845e-01
1.00100000 1.60374723e-01
1.00200000 1.56839623e-01
1.00300000 1.53249447e-01
1.00400000 1.49403394e-01
1.00500000 1.45957890e-01
1.00600000 1.42377991e-01
1.00700000 1.38648941e-01
1.00800000 1.35337831e-01
1.00900000 1.31896543e-01
1.01000000 1.28457363e-01
1.01100000 1.24982871e-01
1.01200000 1.21799568e-01
1.01300000 1.18695847e-01
1.01400000 1.15367081e-01
1.01500000 1.12118162e-01
1.01600000 1.08892168e-01
1.01700000 1.05752609e-01
1.01800000 1.02657321e-01
1.01900000 9.95164436e-02
1.02000000 9.64127227e-02
1.02100000 9.32939812e-02
1.02200000 9.03802572e-02
1.02300000 8.74351744e-02
1.02400000 8.45182882e-02
1.02500000 8.15331506e-02
1.02600000 7.84626331e-02
1.02700000 7.56943712e-02
1.02800000 7.28125329e-02
1.02900000 7.00524402e-02
1.03000000 6.73324022e-02
1.03100000 6.45904923e-02
1.03200000 6.18074734e-02
1.03300000 5.91902077e-02
1.03400000 5.65547591e-02
1.03500000 5.39306419e-02
1.03600000 5.13861073e-02
1.03700000 4.88028355e-02
1.03800000 4.63046801e-02
1.03900000 4.37764836e-02
1.04000000 4.13529040e-02
1.04100000 3.89135132e-02
1.04200000 3.65033730e-02
1.04300000 3.41295984e-02
1.04400000 3.18280278e-02
1.04500000 2.95533361e-02
1.04600000 2.72878676e-02
1.04700000 2.50939970e-02
1.04800000 2.28410720e-02
1.04900000 2.06813007e-02
1.05000000 1.85301202e-02
1.05100000 1.80935754e-02
1.05200000 1.76462528e-02
1.05300000 1.72322652e-02
1.05400000 1.68248129e-02
1.05500000 1.64132234e-02
1.05600000 1.59732265e-02
1.05700000 1.55807684e-02
1.05800000 1.51529461e-02
1.05900000 1.47748498e-02
1.06000000 1.43668441e-02
1.06100000 1.39869031e-02
1.06200000 1.36186360e-02
1.06300000 1.32119743e-02
1.06400000 1.28490039e-02
1.06500000 1.24825024e-02
1.06600000 1.21205861e-02
1.06700000 1.17552440e-02
1.06800000 1.13718510e-02
1.06900000 1.10406609e-02
1.07000000 1.06840150e-02
1.07100000 1.03398335e-02
1.07200000 9.99459787e-03
1.07300000 9.67278908e-03
1.07400000 9.34544640e-03
1.07500000 9.03336144e-03
1.07600000 8.71605882e-03
1.07700000 8.39583114e-03
1.07800000 8.07602509e-03
1.07900000 7.77129229e-03
1.08000000 7.46595341e-03
1.08100000 7.16809845e-03
1.08200000 6.88170655e-03
1.08300000 6.60029514e-03
1.08400000 6.29514072e-03
1.08500000 6.02308422e-03
1.08600000 5.74915674e-03
1.08700000 5.47789080e-03
1.08800000 5.21711289e-03
1.08900000 4.95828502e-03
1.09000000 4.70918098e-03
1.09100000 4.44961526e-03
1.09200000 4.20599241e-03
1.09300000 3.96244861e-03
1.09400000 3.72225150e-03
1.09500000 3.48858965e-03
1.09600000 3.26520502e-03
1.09700000 3.04237377e-03
1.09800000 2.82681564e-03
1.09900000 2.60970802e-03
1.10000000 2.40374723e-03
1.10100000 2.37217772e-03
1.10200000 2.34060557e-03
1.10300000 2.30902814e-03
1.10400000 2.27745072e-03
1.10500000 2.24586276e-03
1.10600000 2.21427480e-03
1.10700000 2.18268156e-03
1.10800000 2.15108043e-03
1.10900000 2.11947665e-03
1.11000000 2.08787024e-03
1.11100000 2.05625856e-03
1.11200000 2.02464161e-03
1.11300000 1.99302203e-03
1.11400000 1.96139454e-03
1.11500000 1.92976705e-03
1.11600000 1.89813165e-03
1.11700000 1.86649099e-03
1.11800000 1.83485032e-03
1.11900000 1.80320175e-03
1.12000000 1.77154791e-03
1.12100000 1.73989143e-03
1.12200000 1.70823232e-03
1.12300000 1.67656530e-03
1.12400000 1.64489565e-03
1.12500000 1.61322072e-03
1.12600000 1.58154316e-03
1.12700000 1.54986034e-03
1.12800000 1.51817224e-03
1.12900000 1.48648150e-03
1.13000000 1.45478286e-03
1.13100000 1.42308159e-03
1.13200000 1.39137767e-03
1.13300000 1.35966586e-03
1.13400000 1.32795141e-03
1.13500000 1.29623169e-03
1.13600000 1.26450933e-03
1.13700000 1.23278170e-03
1.13800000 1.20104880e-03
1.13900000 1.16931327e-03
1.14000000 1.13757247e-03
1.14100000 1.10582639e-03
1.14200000 1.07407505e-03
1.14300000 1.04232107e-03
1.14400000 1.01056182e-03
1.14500000 9.78799937e-04
1.14600000 9.47030147e-04
1.14700000 9.15257721e-04
1.14800000 8.83482660e-04
1.14900000 8.51699694e-04
1.15000000 8.19914093e-04
1.15100000 7.88125856e-04
1.15200000 7.56329714e-04
1.15300000 7.24530937e-04
1.15400000 6.92729525e-04
1.15500000 6.60920207e-04
1.15600000 6.29108253e-04
1.15700000 5.97291030e-04
1.15800000 5.65468536e-04
1.15900000 5.33643407e-04
1.16000000 5.01813007e-04
1.16100000 4.69979973e-04
1.16200000 4.38139032e-04
1.16300000 4.06295457e-04
1.16400000 3.74449246e-04
1.16500000 3.42595130e-04
1.16600000 3.10738379e-04
1.16700000 2.78878992e-04
1.16800000 2.47012491e-04
1.16900000 2.15142036e-04
