1760.000000 1.76105e-05
1770.000000 3.61233e-05
1780.000000 5.55891e-05
1790.000000 7.6056e-05
1800.000000 9.75785e-05
1810.000000 0.000120199
1820.000000 0.000143974
1830.000000 0.000168954
1840.000000 0.000195192
1850.000000 0.000222737
1852.000000 0.000274617
1854.000000 0.000230887
1856.000000 0.000241886
1858.000000 0.000266751
1860.000000 0.000274847
1862.000000 0.000291027
1864.000000 0.000281736
1866.000000 0.000299285
1868.000000 0.000291087
1870.000000 0.000295801
1872.000000 0.000328186
1874.000000 0.000343705
1876.000000 0.00034674
1878.000000 0.000381527
1879.000000 0.000386635
1880.000000 0.000391604
1882.000000 0.000400813
1884.000000 0.000416421
1886.000000 0.000433254
1888.000000 0.000427138
1890.000000 0.000447152
1892.000000 0.000461975
1894.000000 0.00049955
1896.000000 0.000511342
1898.000000 0.000529876
1900.000000 0.000551765
1902.000000 0.000561411
1904.000000 0.000572451
1906.000000 0.000599595
1908.000000 0.000616081
1910.000000 0.000644317
1912.000000 0.000658073
1914.000000 0.000677101
1916.000000 0.00069722
1918.000000 0.000718231
1920.000000 0.000745574
1922.000000 0.000765276
1924.000000 0.000777897
1926.000000 0.00080918
1928.000000 0.000833682
1930.000000 0.000864259
1932.000000 0.000881058
1934.000000 0.000897548
1936.000000 0.000939199
1938.000000 0.000958652
1940.000000 0.000992869
1942.000000 0.00101757
1944.000000 0.001036
1946.000000 0.00105683
1948.000000 0.00107875
1950.000000 0.00111574
1952.000000 0.00114659
1954.000000 0.00117465
1956.000000 0.00119023
1958.000000 0.00121095
1960.000000 0.00124997
1962.000000 0.00127624
1964.000000 0.00130009
1966.000000 0.00133437
1968.000000 0.00137075
1970.000000 0.00139698
1972.000000 0.00141163
1974.000000 0.00144288
1976.000000 0.00148597
1978.000000 0.00149541
1980.000000 0.00153058
1982.000000 0.0015554
1984.000000 0.00156937
1986.000000 0.00160929
1988.000000 0.00163153
1990.000000 0.00165501
1992.000000 0.0016878
1994.000000 0.00171936
1996.000000 0.00172687
1998.000000 0.00176552
2000.000000 0.0017823
2002.000000 0.00179699
2004.000000 0.00184259
2006.000000 0.00185766
2008.000000 0.00187837
2010.000000 0.00190478
2012.000000 0.00193809
2014.000000 0.00195955
2016.000000 0.0019684
2018.000000 0.00199273
2020.000000 0.00201164
2022.000000 0.00203635
2024.000000 0.00205268
2026.000000 0.00208794
2028.000000 0.00210837
2030.000000 0.00212082
2032.000000 0.00214673
2034.000000 0.00215548
2036.000000 0.00218082
2038.000000 0.00220195
2040.000000 0.0022081
2042.000000 0.00223398
2044.000000 0.00225438
2046.000000 0.0022613
2048.000000 0.00228398
2050.000000 0.00231015
2052.000000 0.00231583
2054.000000 0.00233547
2056.000000 0.00235667
2058.000000 0.00237873
2060.000000 0.00238429
2062.000000 0.00239562
2064.000000 0.00240578
2066.000000 0.00242875
2068.000000 0.00243927
2070.000000 0.00244695
2072.000000 0.00245416
2074.000000 0.00247612
2076.000000 0.00248661
2078.000000 0.00249365
2080.000000 0.002505
2082.000000 0.00252194
2084.000000 0.00253484
2086.000000 0.00254291
2088.000000 0.00255218
2090.000000 0.00256593
2092.000000 0.00257912
2094.000000 0.00257377
2096.000000 0.00259238
2098.000000 0.00260599
2100.000000 0.00260998
2102.000000 0.00262262
2104.000000 0.00263538
2106.000000 0.00264046
2108.000000 0.00265186
2110.000000 0.00265142
2112.000000 0.00267082
2114.000000 0.00266516
2116.000000 0.00268461
2118.000000 0.00268902
2120.000000 0.00269029
2122.000000 0.00270505
2124.000000 0.0027075
2126.000000 0.00271477
2128.000000 0.00272138
2130.000000 0.00273151
2132.000000 0.00272214
2134.000000 0.00274628
2136.000000 0.00273605
2138.000000 0.00273994
2140.000000 0.00274958
2142.000000 0.00274941
2144.000000 0.00276219
2146.000000 0.00275237
2148.000000 0.00276018
2150.000000 0.00276207
2152.000000 0.00277314
2154.000000 0.00277846
2156.000000 0.00278257
2158.000000 0.00277981
2160.000000 0.0027838
2162.000000 0.00278059
2164.000000 0.00277821
2166.000000 0.00278012
2168.000000 0.00278096
2170.000000 0.00277063
2172.000000 0.0027804
2174.000000 0.00278876
2176.000000 0.00278638
2178.000000 0.00278049
2180.000000 0.00277687
2182.000000 0.00278029
2184.000000 0.0027751
2186.000000 0.00276862
2188.000000 0.00277508
2190.000000 0.00276548
2192.000000 0.00276188
2194.000000 0.0027605
2196.000000 0.00275553
2198.000000 0.00275012
2200.000000 0.0027412
2202.000000 0.00275294
2204.000000 0.00276548
2206.000000 0.00276988
2208.000000 0.00278095
2210.000000 0.00279055
2212.000000 0.00279725
2214.000000 0.00280269
2216.000000 0.00281141
2218.000000 0.00282291
2220.000000 0.00282823
2222.000000 0.00283519
2224.000000 0.00283788
2226.000000 0.00284382
2228.000000 0.00285254
2230.000000 0.00285902
2232.000000 0.00286369
2234.000000 0.00286134
2236.000000 0.00286339
2238.000000 0.00286987
2240.000000 0.00285582
2242.000000 0.002875
2244.000000 0.00287155
2246.000000 0.00286844
2248.000000 0.0028706
2250.000000 0.00286898
2252.000000 0.00286897
2254.000000 0.00286561
2256.000000 0.0028633
2258.000000 0.00285984
2260.000000 0.00286004
2262.000000 0.00284911
2264.000000 0.00284785
2266.000000 0.00283531
2268.000000 0.00282822
2270.000000 0.00283085
2272.000000 0.0028275
2274.000000 0.00281784
2276.000000 0.00281532
2278.000000 0.00279548
2280.000000 0.00279534
2282.000000 0.00278749
2284.000000 0.00277137
2286.000000 0.00277032
2288.000000 0.00275693
2290.000000 0.00274195
2292.000000 0.00272735
2294.000000 0.00272597
2296.000000 0.00270706
2298.000000 0.00268984
2300.000000 0.00268598
2302.000000 0.00266649
2304.000000 0.00264851
2306.000000 0.00263644
2308.000000 0.0026237
2310.000000 0.00261469
2312.000000 0.00260508
2314.000000 0.00257079
2316.000000 0.00256279
2318.000000 0.00254758
2320.000000 0.00252823
2322.000000 0.00250215
2324.000000 0.00248155
2326.000000 0.00247048
2328.000000 0.00245073
2330.000000 0.00243624
2332.000000 0.00240668
2334.000000 0.00239104
2336.000000 0.00236154
2338.000000 0.00234902
2340.000000 0.00232483
2342.000000 0.00230231
2344.000000 0.00228248
2346.000000 0.0022495
2348.000000 0.00223591
2350.000000 0.00220571
2352.000000 0.00218265
2354.000000 0.00215275
2356.000000 0.00213805
2358.000000 0.00211058
2360.000000 0.00208917
2362.000000 0.00205788
2364.000000 0.00203604
2366.000000 0.00200566
2368.000000 0.00198187
2370.000000 0.00195733
2372.000000 0.00193455
2374.000000 0.00190766
2376.000000 0.00187862
2378.000000 0.00185109
2380.000000 0.00182687
2382.000000 0.00179897
2384.000000 0.00177183
2386.000000 0.00174407
2388.000000 0.00172148
2390.000000 0.0016911
2392.000000 0.00166721
2394.000000 0.00163876
2396.000000 0.00161187
2398.000000 0.00158503
2400.000000 0.00156167
2402.000000 0.00154025
2404.000000 0.0015074
2406.000000 0.001488
2408.000000 0.00145405
2410.000000 0.00143135
2412.000000 0.00140793
2414.000000 0.00138248
2416.000000 0.001357
2418.000000 0.00133304
2420.000000 0.00130384
2422.000000 0.00128432
2424.000000 0.00126044
2426.000000 0.00124147
2428.000000 0.00121667
2430.000000 0.00119366
2432.000000 0.00117158
2434.000000 0.00114892
2436.000000 0.0011218
2438.000000 0.00110621
2440.000000 0.00108366
2442.000000 0.00105849
2444.000000 0.00104203
2446.000000 0.00101882
2448.000000 0.00100009
2450.000000 0.000978479
2452.000000 0.000963874
2454.000000 0.000936566
2456.000000 0.000920319
2458.000000 0.000904457
2460.000000 0.00088661
2462.000000 0.000866377
2464.000000 0.000849065
2466.000000 0.000838603
2468.000000 0.000816108
2470.000000 0.000791861
2480.000000 0.000721372
2490.000000 0.000646298
2500.000000 0.00058822
2510.000000 0.000526595
2520.000000 0.000479254
2530.000000 0.000429715
2537.000000 0.000402783
2540.000000 0.000390094
2550.000000 0.000346996
2560.000000 0.000314178
2570.000000 0.000280196
2580.000000 0.000253757
2590.000000 0.000227048
2600.000000 0.000206632
2610.000000 0.000185457
2620.000000 0.000169268
2630.000000 0.000152461
2640.000000 0.000139462
2650.000000 0.000126402
2660.000000 0.000116132
2670.000000 0.000105544
2680.000000 9.73108e-05
2690.000000 8.86547e-05
2700.000000 8.20089e-05
2710.000000 7.5542e-05
2720.000000 7.05593e-05
2730.000000 6.51127e-05
2740.000000 6.09732e-05
2750.000000 5.65311e-05
2760.000000 5.25986e-05
2770.000000 4.84932e-05
2780.000000 4.51287e-05
2790.000000 4.1777e-05
2800.000000 3.91003e-05
2810.000000 3.62583e-05
2820.000000 3.39883e-05
2830.000000 3.1555e-05
2840.000000 2.95531e-05
2850.000000 2.76497e-05
2860.000000 2.60344e-05
2870.000000 2.42976e-05
2880.000000 2.29254e-05
2890.000000 2.14716e-05
2900.000000 2.03484e-05
2910.000000 1.89366e-05
2920.000000 1.78713e-05
2930.000000 1.66667e-05
2940.000000 1.56934e-05
2950.000000 1.46927e-05
2960.000000 1.38826e-05
2970.000000 1.30442e-05
2980.000000 1.23576e-05
2990.000000 1.16414e-05
3000.000000 1.0968e-05
3010.000000 1.03366e-05
3020.000000 9.81725e-06
3030.000000 9.26794e-06
3040.000000 8.82843e-06
3050.000000 8.32438e-06
3060.000000 7.89421e-06
3070.000000 7.50278e-06
3080.000000 7.0817e-06
3090.000000 6.79974e-06
3100.000000 6.42043e-06
3110.000000 6.21987e-06
3120.000000 5.91545e-06
3130.000000 5.70944e-06
3140.000000 5.50079e-06
3150.000000 5.3242e-06
3160.000000 5.17985e-06
3170.000000 4.96434e-06
3180.000000 4.78107e-06
3190.000000 4.63092e-06
3200.000000 4.47886e-06
3210.000000 4.32503e-06
3220.000000 4.16956e-06
3230.000000 4.08381e-06
3240.000000 3.92499e-06
3250.000000 3.8369e-06
3260.000000 3.67485e-06
3270.000000 3.54757e-06
3280.000000 3.45572e-06
3290.000000 3.36268e-06
3300.000000 3.23152e-06
3310.000000 3.13623e-06
3320.000000 3.07737e-06
3330.000000 2.98008e-06
3340.000000 2.88178e-06
3350.000000 2.82048e-06
3360.000000 2.68183e-06
3370.000000 2.65718e-06
3380.000000 2.55486e-06
3390.000000 2.52922e-06
3400.000000 2.38596e-06
3410.000000 2.31977e-06
3420.000000 2.25283e-06
3430.000000 2.18518e-06
3440.000000 2.11682e-06
3450.000000 2.04769e-06
3460.000000 2.01819e-06
3470.000000 1.94773e-06
3480.000000 1.87653e-06
3490.000000 1.84559e-06
3500.000000 1.81427e-06
3510.000000 1.74116e-06
3520.000000 1.70894e-06
3530.000000 1.67633e-06
3540.000000 1.64341e-06
3550.000000 1.56765e-06
3560.000000 1.53367e-06
3570.000000 1.49931e-06
3580.000000 1.46452e-06
3590.000000 1.42934e-06
3600.000000 1.39372e-06
3610.000000 1.35769e-06
3620.000000 1.32118e-06
3630.000000 1.28429e-06
3640.000000 1.2469e-06
3650.000000 1.20905e-06
3660.000000 1.2158e-06
3670.000000 1.13201e-06
3680.000000 1.13832e-06
3690.000000 1.09886e-06
3700.000000 1.05892e-06
3710.000000 1.01849e-06
3720.000000 1.02413e-06
3730.000000 9.82975e-07
3740.000000 9.88394e-07
3750.000000 9.46508e-07
3760.000000 9.51706e-07
3770.000000 9.09048e-07
3780.000000 8.65913e-07
3790.000000 8.7061e-07
3800.000000 8.26668e-07
3810.000000 8.31132e-07
3820.000000 7.86431e-07
3830.000000 7.90607e-07
3840.000000 7.4512e-07
3850.000000 7.49054e-07
3860.000000 7.52975e-07
3870.000000 7.06423e-07
3880.000000 7.10076e-07
3890.000000 6.62736e-07
3900.000000 6.6612e-07
3910.000000 6.69491e-07
3920.000000 6.21088e-07
3930.000000 6.24169e-07
3940.000000 6.27253e-07
3950.000000 5.77777e-07
3960.000000 5.80574e-07
3970.000000 5.83336e-07
