0.36920000 2.27020790e-04
0.36940000 1.13636175e-03
0.36960000 2.10460499e-03
0.36980000 3.98609148e-03
0.37000000 7.41093555e-03
0.37020000 1.31261954e-02
0.37040000 2.27962578e-02
0.37060000 4.02092516e-02
0.37080000 7.03723493e-02
0.37100000 1.15219335e-01
0.37120000 1.83808732e-01
0.37140000 2.76161123e-01
0.37160000 3.86144491e-01
0.37180000 5.13354470e-01
0.37200000 6.42458420e-01
0.37220000 7.57709979e-01
0.37240000 8.46641372e-01
0.37260000 9.02918919e-01
0.37280000 9.35061331e-01
0.37300000 9.54695426e-01
0.37320000 9.74372141e-01
0.37340000 9.88688150e-01
0.37360000 1.00001040e+00
0.37380000 9.96453222e-01
0.37400000 9.79132017e-01
0.37420000 9.32600832e-01
0.37440000 8.27034304e-01
0.37460000 6.62412682e-01
0.37480000 4.42581081e-01
0.37500000 2.51681913e-01
0.37520000 1.30056133e-01
0.37540000 6.53049896e-02
0.37560000 3.47460499e-02
0.37580000 1.90106029e-02
0.37600000 1.03111331e-02
0.37620000 6.01645530e-03
0.37640000 3.24770270e-03
0.37660000 2.36453222e-03
0.37680000 1.30190229e-03
0.37700000 7.70144491e-04
