1160.000000 3.89525924e-04
1170.000000 6.51563131e-04
1180.000000 9.34467765e-04
1190.000000 1.16087036e-03
1200.000000 1.38040766e-03
1210.000000 1.57461013e-03
1216.000000 1.67086192e-03
1220.000000 1.74740212e-03
1230.000000 1.90613877e-03
1240.000000 2.03695006e-03
1250.000000 2.14414927e-03
1260.000000 2.23340550e-03
1270.000000 2.30717719e-03
1280.000000 2.36729901e-03
1290.000000 2.41639453e-03
1300.000000 2.45725241e-03
1310.000000 2.49271640e-03
1320.000000 2.52374051e-03
1330.000000 2.55102191e-03
1340.000000 2.57478076e-03
1350.000000 2.59587935e-03
1354.000000 2.60352989e-03
1360.000000 2.61222618e-03
1370.000000 2.62534400e-03
1380.000000 2.63767292e-03
1390.000000 2.64976333e-03
1400.000000 2.66244083e-03
1410.000000 2.67618244e-03
1420.000000 2.69012586e-03
1430.000000 2.70307856e-03
1440.000000 2.71406818e-03
1450.000000 2.72182879e-03
1460.000000 2.72500275e-03
1470.000000 2.72259935e-03
1480.000000 2.71316919e-03
1487.000000 2.70100539e-03
1490.000000 2.70544527e-03
1500.000000 2.71052728e-03
1510.000000 2.69118996e-03
1520.000000 2.66211059e-03
1530.000000 2.62572928e-03
1540.000000 2.58411918e-03
1545.000000 2.56236011e-03
1550.000000 2.52139214e-03
1560.000000 2.44167615e-03
1570.000000 2.36616152e-03
1580.000000 2.29649947e-03
1590.000000 2.23461637e-03
1600.000000 2.18192493e-03
1610.000000 2.13978278e-03
1620.000000 2.10872198e-03
1630.000000 2.08909111e-03
1640.000000 2.08118372e-03
1648.000000 2.08474296e-03
1650.000000 2.08756834e-03
1660.000000 2.11455620e-03
1670.000000 2.15381793e-03
1680.000000 2.20443621e-03
1690.000000 2.26560379e-03
1700.000000 2.33647672e-03
1710.000000 2.41628445e-03
1720.000000 2.50451326e-03
1730.000000 2.60022750e-03
1740.000000 2.70291344e-03
1750.000000 2.81183723e-03
1760.000000 2.90041463e-03
1770.000000 2.99264301e-03
1780.000000 3.08857740e-03
1790.000000 3.18816277e-03
1800.000000 3.29165596e-03
1810.000000 3.39880013e-03
1820.000000 3.50990717e-03
1830.000000 3.62497707e-03
1840.000000 3.74411991e-03
1850.000000 3.86733571e-03
1860.000000 3.99477122e-03
1870.000000 4.12657322e-03
1879.000000 4.24901846e-03
1880.000000 4.26099879e-03
1890.000000 4.38346237e-03
1900.000000 4.50919165e-03
1910.000000 4.63842513e-03
1920.000000 5.43329175e-03
1930.000000 5.81378197e-03
1940.000000 6.74476204e-03
1950.000000 6.84370528e-03
1960.000000 7.25033941e-03
1970.000000 7.47271860e-03
1980.000000 7.73393755e-03
1990.000000 8.07800976e-03
2000.000000 8.18005357e-03
2010.000000 8.40347852e-03
2020.000000 8.52618060e-03
2030.000000 9.03351925e-03
2040.000000 9.59984222e-03
2050.000000 1.00775511e-02
2060.000000 1.08648222e-02
2070.000000 1.10098154e-02
2080.000000 1.20477195e-02
2090.000000 1.28697391e-02
2100.000000 1.36261696e-02
2110.000000 1.43860859e-02
2120.000000 1.54070194e-02
2130.000000 1.61562947e-02
2138.000000 1.67233516e-02
2140.000000 1.68720324e-02
2150.000000 1.80077790e-02
2160.000000 1.89039739e-02
2170.000000 1.96016952e-02
2180.000000 2.05243459e-02
2190.000000 2.12002348e-02
2200.000000 2.20794041e-02
2210.000000 2.36232708e-02
2220.000000 2.52678604e-02
2230.000000 2.70544527e-02
2240.000000 2.87072983e-02
2250.000000 3.04579312e-02
2260.000000 3.24290904e-02
2270.000000 3.45024401e-02
2280.000000 3.65893663e-02
2290.000000 3.87540821e-02
2296.000000 4.00853117e-02
2300.000000 4.10134664e-02
2310.000000 4.35814406e-02
2320.000000 4.60714417e-02
2330.000000 4.88491175e-02
2340.000000 5.15009357e-02
2350.000000 5.44143764e-02
2360.000000 5.71293069e-02
2370.000000 6.01845668e-02
2380.000000 6.33379811e-02
2390.000000 6.63156350e-02
2400.000000 6.95554618e-02
2410.000000 7.24905515e-02
2420.000000 7.55492973e-02
2430.000000 7.87005100e-02
2440.000000 8.18427329e-02
2450.000000 8.50517374e-02
2460.000000 8.79881114e-02
2470.000000 9.11013466e-02
2480.000000 9.44479507e-02
2490.000000 9.75769640e-02
2500.000000 1.00530951e-01
2510.000000 1.03954060e-01
2520.000000 1.07006201e-01
2530.000000 1.10307673e-01
2537.000000 1.12666679e-01
2540.000000 1.13411001e-01
2550.000000 1.15817158e-01
2560.000000 1.18048839e-01
2570.000000 1.20541592e-01
2580.000000 1.22966279e-01
2590.000000 1.25427476e-01
2600.000000 1.27927935e-01
2610.000000 1.30270429e-01
2620.000000 1.32916560e-01
2630.000000 1.35395736e-01
2640.000000 1.38067919e-01
2650.000000 1.40720471e-01
2660.000000 1.43177999e-01
2670.000000 1.45847063e-01
2680.000000 1.48698859e-01
2690.000000 1.51174917e-01
2700.000000 1.53559792e-01
2710.000000 1.57294793e-01
2720.000000 1.61096393e-01
2730.000000 1.64421348e-01
2740.000000 1.68144058e-01
2750.000000 1.71786225e-01
2760.000000 1.73941217e-01
2770.000000 1.75690383e-01
2780.000000 1.77731442e-01
2790.000000 1.79351448e-01
2800.000000 1.81847686e-01
2810.000000 1.83145709e-01
2820.000000 1.84711775e-01
2830.000000 1.86282244e-01
2840.000000 1.87854548e-01
2850.000000 1.89432356e-01
2860.000000 1.90929439e-01
2870.000000 1.92219205e-01
2880.000000 1.93576854e-01
2890.000000 1.94851943e-01
2900.000000 1.96160056e-01
2910.000000 1.95805966e-01
2920.000000 1.95661028e-01
2930.000000 1.95505082e-01
2940.000000 1.95035409e-01
2950.000000 1.94796903e-01
2960.000000 1.94442814e-01
2970.000000 1.93820864e-01
2980.000000 1.93226434e-01
2990.000000 1.92571460e-01
3000.000000 1.91955014e-01
3010.000000 1.91239497e-01
3020.000000 1.90678090e-01
3030.000000 1.90129527e-01
3040.000000 1.89157157e-01
3050.000000 1.88531538e-01
3060.000000 1.87927935e-01
3070.000000 1.87172054e-01
3080.000000 1.86595971e-01
3090.000000 1.85608924e-01
3100.000000 1.85108061e-01
3110.000000 1.86687704e-01
3120.000000 1.88177448e-01
3130.000000 1.89617657e-01
3140.000000 1.91378931e-01
3150.000000 1.93193410e-01
3160.000000 1.94903313e-01
3170.000000 1.96767328e-01
3180.000000 1.98838660e-01
3190.000000 2.00528382e-01
3200.000000 2.02735479e-01
3210.000000 2.04667376e-01
3220.000000 2.07070781e-01
3230.000000 2.09391627e-01
3240.000000 2.11536345e-01
3250.000000 2.13802150e-01
3260.000000 2.16102814e-01
3270.000000 2.18605291e-01
3280.000000 2.21045389e-01
3290.000000 2.23421275e-01
3300.000000 2.26031996e-01
3310.000000 2.28552820e-01
3320.000000 2.30877335e-01
3330.000000 2.33368803e-01
3340.000000 2.35891461e-01
3350.000000 2.38744358e-01
3360.000000 2.41072542e-01
3370.000000 2.43435585e-01
3380.000000 2.46037134e-01
3390.000000 2.48218545e-01
3400.000000 2.51568635e-01
3410.000000 2.53812424e-01
3420.000000 2.56272704e-01
3430.000000 2.58597219e-01
3440.000000 2.60984112e-01
3450.000000 2.63088467e-01
3460.000000 2.65618464e-01
3470.000000 2.67930136e-01
3480.000000 2.70221627e-01
3490.000000 2.72340660e-01
3500.000000 2.74628481e-01
3510.000000 2.76747514e-01
3520.000000 2.79095879e-01
3530.000000 2.81348842e-01
3540.000000 2.83508238e-01
3550.000000 2.85621766e-01
3560.000000 2.87935273e-01
3570.000000 2.90059810e-01
3580.000000 2.92329285e-01
3590.000000 2.94371262e-01
3600.000000 2.96459105e-01
3610.000000 2.98664367e-01
3620.000000 3.00632958e-01
3630.000000 3.02777676e-01
3640.000000 3.04891205e-01
3650.000000 3.06865299e-01
3660.000000 3.08883426e-01
3670.000000 3.10883206e-01
3680.000000 3.12846292e-01
3690.000000 3.14598393e-01
3700.000000 3.16625693e-01
3710.000000 3.18522731e-01
3720.000000 3.20491322e-01
3730.000000 3.22140682e-01
3740.000000 3.23824900e-01
3750.000000 3.25584339e-01
3760.000000 3.27303416e-01
3770.000000 3.29083037e-01
3780.000000 3.30512237e-01
3790.000000 3.32113896e-01
3800.000000 3.33680696e-01
3810.000000 3.35205298e-01
3820.000000 3.36724397e-01
3830.000000 3.38078377e-01
3840.000000 3.39538766e-01
3850.000000 3.40758816e-01
3860.000000 3.42239386e-01
3870.000000 3.43518145e-01
3880.000000 3.44644626e-01
3890.000000 3.45807801e-01
3900.000000 3.47000330e-01
3910.000000 3.48313947e-01
3920.000000 3.49515650e-01
3930.000000 3.50653139e-01
3940.000000 3.51614501e-01
3950.000000 3.52550178e-01
3960.000000 3.53507871e-01
3970.000000 3.54449051e-01
3980.000000 3.55459949e-01
3990.000000 3.56439658e-01
4000.000000 3.57421201e-01
4010.000000 3.56632297e-01
4020.000000 3.55949804e-01
4030.000000 3.54878362e-01
4040.000000 3.53937181e-01
4050.000000 3.53071222e-01
4060.000000 3.52036473e-01
4070.000000 3.51453051e-01
4080.000000 3.50355924e-01
4090.000000 3.49319341e-01
4100.000000 3.48257073e-01
4110.000000 3.47526878e-01
4120.000000 3.46405900e-01
4130.000000 3.45431696e-01
4140.000000 3.44541885e-01
4150.000000 3.43496129e-01
4160.000000 3.42650350e-01
4170.000000 3.41716508e-01
4180.000000 3.40826698e-01
4190.000000 3.39718563e-01
4200.000000 3.38951675e-01
4210.000000 3.39239717e-01
4220.000000 3.39654350e-01
4230.000000 3.39874509e-01
4240.000000 3.40245111e-01
4250.000000 3.40617547e-01
4260.000000 3.41085385e-01
4270.000000 3.41364253e-01
4280.000000 3.41910982e-01
4290.000000 3.42125638e-01
4300.000000 3.42571460e-01
4310.000000 3.42980589e-01
4320.000000 3.43459436e-01
4330.000000 3.43852053e-01
4340.000000 3.44431806e-01
4350.000000 3.44798738e-01
4360.000000 3.45450042e-01
4370.000000 3.45855502e-01
4380.000000 3.46301325e-01
4390.000000 3.47119583e-01
4400.000000 3.47561736e-01
4410.000000 3.48207537e-01
4420.000000 3.48620335e-01
4430.000000 3.49359704e-01
4440.000000 3.50034859e-01
4450.000000 3.50568745e-01
4460.000000 3.51337467e-01
4470.000000 3.52075001e-01
4480.000000 3.52774007e-01
4490.000000 3.53401460e-01
4500.000000 3.54230727e-01
4510.000000 3.57786299e-01
4520.000000 3.61354713e-01
4530.000000 3.65132279e-01
4540.000000 3.68605291e-01
4550.000000 3.72294793e-01
4560.000000 3.76087036e-01
4570.000000 3.79721499e-01
4580.000000 3.83524750e-01
4590.000000 3.87197740e-01
4600.000000 3.91041353e-01
4610.000000 3.94763879e-01
4620.000000 3.98601989e-01
4630.000000 4.02550178e-01
4640.000000 4.06291051e-01
4650.000000 4.10072286e-01
4660.000000 4.13763622e-01
4670.000000 4.18007192e-01
4680.000000 4.21619638e-01
4690.000000 4.25696254e-01
4700.000000 4.29545371e-01
4710.000000 4.33636664e-01
4720.000000 4.37394048e-01
4730.000000 4.41683484e-01
4740.000000 4.45527098e-01
4750.000000 4.49695446e-01
4760.000000 4.53594100e-01
4770.000000 4.57758779e-01
4780.000000 4.61774850e-01
4790.000000 4.65994569e-01
4800.000000 4.70019814e-01
4810.000000 4.74272557e-01
4820.000000 4.78351007e-01
4830.000000 4.82442300e-01
4840.000000 4.86535427e-01
4850.000000 4.90909258e-01
4860.000000 4.95018897e-01
4870.000000 4.99123032e-01
4880.000000 5.03693171e-01
4890.000000 5.07793637e-01
4900.000000 5.12068396e-01
4910.000000 5.16383517e-01
4920.000000 5.20949987e-01
4930.000000 5.25155029e-01
4940.000000 5.29838917e-01
4950.000000 5.34176054e-01
4960.000000 5.38656295e-01
4970.000000 5.42940227e-01
4980.000000 5.47831431e-01
4990.000000 5.52161230e-01
5000.000000 5.56845118e-01
5010.000000 5.62363776e-01
5020.000000 5.67843907e-01
5030.000000 5.73138737e-01
5040.000000 5.78919752e-01
5050.000000 5.84159542e-01
5060.000000 5.89694713e-01
5070.000000 5.95125307e-01
5080.000000 6.01016402e-01
5090.000000 6.06470847e-01
5100.000000 6.11974828e-01
5110.000000 6.17654937e-01
5120.000000 6.23111217e-01
5130.000000 6.28514292e-01
5140.000000 6.34517301e-01
5150.000000 6.39944226e-01
5160.000000 6.45569295e-01
5170.000000 6.50974205e-01
5180.000000 6.56393792e-01
5190.000000 6.61842733e-01
5200.000000 6.67113712e-01
5210.000000 6.72854365e-01
5220.000000 6.78099659e-01
5230.000000 6.83704546e-01
5240.000000 6.88929659e-01
5250.000000 6.94074047e-01
5260.000000 6.99286317e-01
5270.000000 7.04746266e-01
5280.000000 7.09560415e-01
5290.000000 7.14704803e-01
5300.000000 7.19841852e-01
5310.000000 7.24678017e-01
5320.000000 7.29517851e-01
5330.000000 7.34221921e-01
5340.000000 7.39074597e-01
5350.000000 7.43793344e-01
5360.000000 7.48457051e-01
5370.000000 7.53100576e-01
5380.000000 7.57678054e-01
5390.000000 7.61877591e-01
5400.000000 7.66067956e-01
5410.000000 7.70537189e-01
5420.000000 7.74896342e-01
5430.000000 7.79193116e-01
5440.000000 7.83196345e-01
5450.000000 7.87291307e-01
5460.000000 7.91333064e-01
5470.000000 7.95233552e-01
5480.000000 7.99256963e-01
5490.000000 8.03230837e-01
5500.000000 8.07057939e-01
5510.000000 8.10426375e-01
5520.000000 8.14202106e-01
5530.000000 8.17181595e-01
5540.000000 8.20816057e-01
5550.000000 8.24035886e-01
5560.000000 8.27681356e-01
5570.000000 8.30789271e-01
5580.000000 8.34159542e-01
5590.000000 8.37491285e-01
5600.000000 8.40678090e-01
5610.000000 8.42435695e-01
5620.000000 8.43980479e-01
5630.000000 8.45468389e-01
5640.000000 8.46848053e-01
5650.000000 8.48701060e-01
5660.000000 8.49965141e-01
5670.000000 8.51368657e-01
5680.000000 8.52689612e-01
5690.000000 8.55012292e-01
5700.000000 8.55527832e-01
5710.000000 8.57360658e-01
5720.000000 8.59149451e-01
5730.000000 8.60754779e-01
5740.000000 8.62367446e-01
5750.000000 8.64172752e-01
5760.000000 8.65985396e-01
5770.000000 8.67475140e-01
5780.000000 8.69375849e-01
5790.000000 8.70860089e-01
5800.000000 8.72593843e-01
5810.000000 8.74863318e-01
5820.000000 8.76558544e-01
5830.000000 8.78455583e-01
5840.000000 8.80084761e-01
5850.000000 8.82633105e-01
5860.000000 8.84563167e-01
5870.000000 8.86540931e-01
5880.000000 8.88379261e-01
5890.000000 8.90290977e-01
5900.000000 8.92791619e-01
5910.000000 8.95220710e-01
5920.000000 8.97420467e-01
5930.000000 8.99469783e-01
5940.000000 9.01632848e-01
5950.000000 9.04337137e-01
5960.000000 9.06652479e-01
5970.000000 9.08881591e-01
5980.000000 9.11587715e-01
5990.000000 9.13956262e-01
6000.000000 9.16614685e-01
6010.000000 9.17486148e-01
6020.000000 9.18311745e-01
6030.000000 9.19243753e-01
6040.000000 9.20091366e-01
6050.000000 9.21151800e-01
6060.000000 9.22480094e-01
6070.000000 9.23562544e-01
6080.000000 9.24791766e-01
6090.000000 9.26017319e-01
6100.000000 9.27538253e-01
6110.000000 9.28407882e-01
6120.000000 9.29827909e-01
6130.000000 9.31154368e-01
6140.000000 9.32422119e-01
6150.000000 9.34150369e-01
6160.000000 9.36010714e-01
6170.000000 9.37164716e-01
6180.000000 9.38764540e-01
6190.000000 9.40186401e-01
6200.000000 9.41672476e-01
6210.000000 9.43253954e-01
6220.000000 9.45539941e-01
6230.000000 9.46655414e-01
6240.000000 9.49058819e-01
6250.000000 9.50499028e-01
6260.000000 9.52153891e-01
6270.000000 9.54322460e-01
6280.000000 9.55687447e-01
6290.000000 9.57322130e-01
6300.000000 9.59351264e-01
6310.000000 9.61240964e-01
6320.000000 9.63088467e-01
6330.000000 9.64946978e-01
6340.000000 9.66165193e-01
6350.000000 9.68209005e-01
6360.000000 9.69150185e-01
6370.000000 9.71230690e-01
6380.000000 9.72412211e-01
6390.000000 9.74626647e-01
6400.000000 9.75787987e-01
6410.000000 9.77136462e-01
6420.000000 9.78688585e-01
6430.000000 9.80591128e-01
6440.000000 9.82354236e-01
6450.000000 9.84276960e-01
6460.000000 9.86023557e-01
6470.000000 9.87871060e-01
6480.000000 9.89784611e-01
6490.000000 9.91147764e-01
6500.000000 9.93804352e-01
6510.000000 9.92529263e-01
6520.000000 9.93444758e-01
6530.000000 9.92054086e-01
6540.000000 9.91248670e-01
6550.000000 9.91380765e-01
6560.000000 9.90072653e-01
6570.000000 9.90087330e-01
6580.000000 9.88320552e-01
6590.000000 9.88269181e-01
6600.000000 9.86906029e-01
6610.000000 9.86775768e-01
6620.000000 9.85166771e-01
6630.000000 9.85465820e-01
6640.000000 9.84576010e-01
6650.000000 9.84231094e-01
6660.000000 9.83425678e-01
6670.000000 9.83473379e-01
6680.000000 9.83282574e-01
6690.000000 9.82783547e-01
6700.000000 9.83508238e-01
6710.000000 9.82748688e-01
6720.000000 9.83519246e-01
6730.000000 9.83429347e-01
6740.000000 9.84276960e-01
6750.000000 9.83429347e-01
6760.000000 9.84587018e-01
6770.000000 9.84317323e-01
6780.000000 9.85764870e-01
6790.000000 9.85265842e-01
6800.000000 9.86192346e-01
6810.000000 9.86392324e-01
6820.000000 9.87716949e-01
6830.000000 9.87350017e-01
6840.000000 9.88810406e-01
6850.000000 9.88733350e-01
6860.000000 9.90224929e-01
6870.000000 9.89659854e-01
6880.000000 9.91235827e-01
6890.000000 9.91221150e-01
6900.000000 9.92980589e-01
6910.000000 9.93154882e-01
6920.000000 9.94307049e-01
6930.000000 9.94490515e-01
6940.000000 9.95717903e-01
6950.000000 9.96070157e-01
6960.000000 9.97249844e-01
6970.000000 9.97504862e-01
6980.000000 9.98794628e-01
6990.000000 9.98568965e-01
7000.000000 9.99994496e-01
7010.000000 9.98877188e-01
7020.000000 9.98165340e-01
7030.000000 9.96582028e-01
7040.000000 9.96165560e-01
7050.000000 9.95007889e-01
7060.000000 9.94171284e-01
7070.000000 9.92564121e-01
7080.000000 9.91813745e-01
7090.000000 9.90749642e-01
7100.000000 9.89742414e-01
7110.000000 9.87882068e-01
7120.000000 9.87115180e-01
7130.000000 9.85691484e-01
7140.000000 9.84620042e-01
7150.000000 9.82651451e-01
7160.000000 9.82058856e-01
7170.000000 9.79866437e-01
7180.000000 9.78750963e-01
7190.000000 9.76806223e-01
7200.000000 9.75509118e-01
7210.000000 9.73369904e-01
7220.000000 9.72456243e-01
7230.000000 9.70672953e-01
7240.000000 9.69493267e-01
7250.000000 9.67526511e-01
7260.000000 9.65820277e-01
7270.000000 9.63987451e-01
7280.000000 9.62431659e-01
7290.000000 9.60545628e-01
7300.000000 9.59116428e-01
7310.000000 9.57246909e-01
7320.000000 9.56083734e-01
7330.000000 9.54201372e-01
7340.000000 9.53115253e-01
7350.000000 9.50823763e-01
7360.000000 9.49667926e-01
7370.000000 9.47642461e-01
7380.000000 9.46468279e-01
7390.000000 9.44859282e-01
7400.000000 9.43442924e-01
7410.000000 9.42318277e-01
7420.000000 9.40718453e-01
7430.000000 9.39001211e-01
7440.000000 9.38155432e-01
7450.000000 9.36676696e-01
7460.000000 9.35918981e-01
7470.000000 9.34587018e-01
7480.000000 9.33502734e-01
7490.000000 9.31735956e-01
7500.000000 9.31304810e-01
7510.000000 9.30112281e-01
7520.000000 9.29649947e-01
7530.000000 9.28088651e-01
7540.000000 9.27787766e-01
7550.000000 9.26206289e-01
7560.000000 9.25998973e-01
7570.000000 9.24868822e-01
7580.000000 9.24298242e-01
7590.000000 9.23479984e-01
7600.000000 9.22980956e-01
7610.000000 9.21896672e-01
7620.000000 9.21546252e-01
7630.000000 9.20935310e-01
7640.000000 9.20361061e-01
7650.000000 9.19570323e-01
7660.000000 9.19559315e-01
7670.000000 9.18581441e-01
7680.000000 9.18265879e-01
7690.000000 9.17097200e-01
7700.000000 9.17181595e-01
7710.000000 9.16157854e-01
7720.000000 9.16007412e-01
7730.000000 9.15084578e-01
7740.000000 9.14735992e-01
7750.000000 9.14027813e-01
7760.000000 9.13624188e-01
7770.000000 9.13290280e-01
7780.000000 9.12211500e-01
7790.000000 9.11464793e-01
7800.000000 9.11352879e-01
7810.000000 9.10285106e-01
7820.000000 9.09633802e-01
7830.000000 9.08989836e-01
7840.000000 9.08375225e-01
7850.000000 9.07492753e-01
7860.000000 9.06557076e-01
7870.000000 9.05828716e-01
7880.000000 9.04944410e-01
7890.000000 9.03841779e-01
7900.000000 9.03065718e-01
7910.000000 9.01775951e-01
7920.000000 9.01005394e-01
7930.000000 8.99919275e-01
7940.000000 8.98910212e-01
7950.000000 8.97268191e-01
7960.000000 8.96426082e-01
7970.000000 8.95050086e-01
7980.000000 8.93749312e-01
7990.000000 8.92230213e-01
8000.000000 9.10222728e-01
8010.000000 9.06250688e-01
8020.000000 9.02918945e-01
8030.000000 8.98156166e-01
8040.000000 8.95389498e-01
8050.000000 8.90667083e-01
8060.000000 8.87553664e-01
8070.000000 8.83823799e-01
8080.000000 8.79549040e-01
8090.000000 8.74945878e-01
8100.000000 8.71438007e-01
8110.000000 8.66660551e-01
8120.000000 8.62989396e-01
8130.000000 8.58333028e-01
8140.000000 8.54054599e-01
8150.000000 8.50214655e-01
8160.000000 8.45248230e-01
8170.000000 8.40623051e-01
8180.000000 8.36762925e-01
8190.000000 8.31679081e-01
8200.000000 8.27250211e-01
8210.000000 8.23314864e-01
8220.000000 8.18691520e-01
8230.000000 8.13033428e-01
8240.000000 8.09000844e-01
8250.000000 8.03526217e-01
8260.000000 7.99091843e-01
8270.000000 7.93952959e-01
8280.000000 7.90190071e-01
8290.000000 7.84062305e-01
8300.000000 7.79736176e-01
8310.000000 7.74303746e-01
8320.000000 7.70030822e-01
8330.000000 7.63545298e-01
8340.000000 7.60136499e-01
8350.000000 7.54348145e-01
8360.000000 7.54019741e-01
8370.000000 7.51427366e-01
8380.000000 7.50049536e-01
8390.000000 7.49225773e-01
8400.000000 7.47730525e-01
8410.000000 7.46514145e-01
8420.000000 7.44982204e-01
8430.000000 7.42925549e-01
8440.000000 7.40678090e-01
8450.000000 7.39296591e-01
8460.000000 7.38129747e-01
8470.000000 7.36197850e-01
8480.000000 7.33711885e-01
8490.000000 7.31978131e-01
8500.000000 7.30459032e-01
8510.000000 7.27580450e-01
8520.000000 7.25969618e-01
8530.000000 7.23793711e-01
8540.000000 7.21496716e-01
8550.000000 7.18959381e-01
8560.000000 7.16555975e-01
8570.000000 7.14493817e-01
8580.000000 7.12196822e-01
8590.000000 7.09292555e-01
8600.000000 7.07463399e-01
8610.000000 7.05061828e-01
8620.000000 7.01898874e-01
8630.000000 6.99242285e-01
8640.000000 6.96022456e-01
8650.000000 6.93864896e-01
8660.000000 6.90331340e-01
8670.000000 6.88263677e-01
8680.000000 6.84893406e-01
8690.000000 6.81979966e-01
8700.000000 6.78488607e-01
8710.000000 6.75499945e-01
8720.000000 6.72571827e-01
8730.000000 6.68704363e-01
8740.000000 6.65930356e-01
8750.000000 6.62877481e-01
8760.000000 6.59446666e-01
8770.000000 6.56529556e-01
8780.000000 6.52770337e-01
8790.000000 6.49185411e-01
8800.000000 6.45719737e-01
8810.000000 6.42090779e-01
8820.000000 6.38184787e-01
8830.000000 6.35007155e-01
8840.000000 6.31251605e-01
8850.000000 6.27685026e-01
8860.000000 6.23685466e-01
8870.000000 6.20491322e-01
8880.000000 6.15845962e-01
8890.000000 6.12455509e-01
8900.000000 6.08503651e-01
8910.000000 6.04773786e-01
8920.000000 6.00177962e-01
8930.000000 5.96330679e-01
8940.000000 5.92780611e-01
8950.000000 5.88078377e-01
8960.000000 5.83482552e-01
8970.000000 5.79818736e-01
8980.000000 5.75588009e-01
8990.000000 5.71076579e-01
9000.000000 5.66411037e-01
9010.000000 5.62088577e-01
9020.000000 5.59112758e-01
9030.000000 5.54636187e-01
9040.000000 5.50913661e-01
9050.000000 5.46593036e-01
9060.000000 5.42582468e-01
9070.000000 5.38067369e-01
9080.000000 5.34251275e-01
9090.000000 5.29815066e-01
9100.000000 5.25597182e-01
9110.000000 5.21549921e-01
9120.000000 5.17146736e-01
9130.000000 5.13407698e-01
9140.000000 5.08081679e-01
9150.000000 5.04394012e-01
9160.000000 4.98818479e-01
9170.000000 4.94877628e-01
9180.000000 4.90780831e-01
9190.000000 4.86124463e-01
9200.000000 4.82047848e-01
9210.000000 4.76441126e-01
9220.000000 4.71938869e-01
9230.000000 4.67469636e-01
9240.000000 4.62002348e-01
9250.000000 4.58164239e-01
9260.000000 4.52517154e-01
9270.000000 4.48055260e-01
9280.000000 4.42738414e-01
9290.000000 4.38015998e-01
9300.000000 4.32877114e-01
9310.000000 4.28011595e-01
9320.000000 4.22516787e-01
9330.000000 4.17223792e-01
9340.000000 4.12527061e-01
9350.000000 4.07050600e-01
9360.000000 4.01708069e-01
9370.000000 3.96253623e-01
9380.000000 3.90667083e-01
9390.000000 3.85542876e-01
9400.000000 3.80027887e-01
9410.000000 3.75085312e-01
9420.000000 3.69265769e-01
9430.000000 3.63594834e-01
9440.000000 3.58296334e-01
9450.000000 3.52724471e-01
9460.000000 3.47123252e-01
9470.000000 3.40830367e-01
9480.000000 3.35770374e-01
9490.000000 3.30457197e-01
9500.000000 3.24140462e-01
9510.000000 3.20111547e-01
9520.000000 3.15757898e-01
9530.000000 3.10912560e-01
9540.000000 3.06668991e-01
9550.000000 3.02335523e-01
9560.000000 2.98062599e-01
9570.000000 2.94004330e-01
9580.000000 2.89272741e-01
9590.000000 2.84906249e-01
9600.000000 2.80646167e-01
9610.000000 2.76031996e-01
9620.000000 2.71885664e-01
9630.000000 2.67181595e-01
9640.000000 2.63334312e-01
9650.000000 2.58668770e-01
9660.000000 2.54351814e-01
9670.000000 2.50366932e-01
9680.000000 2.45686713e-01
9690.000000 2.41432136e-01
9700.000000 2.37228929e-01
9710.000000 2.32930320e-01
9720.000000 2.28538143e-01
9730.000000 2.23969838e-01
9740.000000 2.19948263e-01
9750.000000 2.15611125e-01
9760.000000 2.11072176e-01
9770.000000 2.06590100e-01
9780.000000 2.02201592e-01
9790.000000 1.97772722e-01
9800.000000 1.93395223e-01
9810.000000 1.89423183e-01
9820.000000 1.84750303e-01
9830.000000 1.80294096e-01
9840.000000 1.75993836e-01
9850.000000 1.71555792e-01
9860.000000 1.67450739e-01
9870.000000 1.63175063e-01
9880.000000 1.58777382e-01
9890.000000 1.54516567e-01
9900.000000 1.50234837e-01
9910.000000 1.45863942e-01
9920.000000 1.41726599e-01
9930.000000 1.37471838e-01
9940.000000 1.33185337e-01
9950.000000 1.29115694e-01
9960.000000 1.24863501e-01
9970.000000 1.20514806e-01
9980.000000 1.16370491e-01
9990.000000 1.12217554e-01
10000.000000 1.08020585e-01
10010.000000 1.05794958e-01
10020.000000 1.03368620e-01
10030.000000 1.01052361e-01
10040.000000 9.86740909e-02
10050.000000 9.65737717e-02
10060.000000 9.43519979e-02
10070.000000 9.20183099e-02
10080.000000 8.98820313e-02
10090.000000 8.77646498e-02
10100.000000 8.55291161e-02
10110.000000 8.33638499e-02
10120.000000 8.12807764e-02
10130.000000 7.91279859e-02
10140.000000 7.69788647e-02
10150.000000 7.48057095e-02
10160.000000 7.28281290e-02
10170.000000 7.07789968e-02
10180.000000 6.87016108e-02
10190.000000 6.66543133e-02
10200.000000 6.46371042e-02
10210.000000 6.27035556e-02
10220.000000 6.06463509e-02
10230.000000 5.86702381e-02
10240.000000 5.68036546e-02
10250.000000 5.49295490e-02
10260.000000 5.29782042e-02
10270.000000 5.10518108e-02
10280.000000 4.92114630e-02
10290.000000 4.72731442e-02
10300.000000 4.54867354e-02
10310.000000 4.37597696e-02
10320.000000 4.19276777e-02
10330.000000 4.01561296e-02
10340.000000 3.83552269e-02
10350.000000 3.66462408e-02
10360.000000 3.48864345e-02
10370.000000 3.31787326e-02
10380.000000 3.15328588e-02
10390.000000 2.98625839e-02
10400.000000 2.82134077e-02
10410.000000 2.65853301e-02
10420.000000 2.49427586e-02
10430.000000 2.33610979e-02
10440.000000 2.17669614e-02
10450.000000 2.02179577e-02
10460.000000 1.86915202e-02
10470.000000 1.71714490e-02
10480.000000 1.56712472e-02
10490.000000 1.41766228e-02
10500.000000 1.27289656e-02
10510.000000 1.24418963e-02
10520.000000 1.21554875e-02
10530.000000 1.18712252e-02
10540.000000 1.15891828e-02
10550.000000 1.13139287e-02
10560.000000 1.10389315e-02
10570.000000 1.07484314e-02
10580.000000 1.04805893e-02
10590.000000 1.02099035e-02
10600.000000 9.94789564e-03
10610.000000 9.68715371e-03
10620.000000 9.43540161e-03
10630.000000 9.15866143e-03
10640.000000 8.90747808e-03
10650.000000 8.66519282e-03
10660.000000 8.41824753e-03
10670.000000 8.17352218e-03
10680.000000 7.92457711e-03
10690.000000 7.67453124e-03
10700.000000 7.43778667e-03
10710.000000 7.20900451e-03
10720.000000 6.98556122e-03
10730.000000 6.75274282e-03
10740.000000 6.51827322e-03
10750.000000 6.30315929e-03
10760.000000 6.08531171e-03
10770.000000 5.86339119e-03
10780.000000 5.65831285e-03
10790.000000 5.44686823e-03
10800.000000 5.23569882e-03
10810.000000 5.02419917e-03
10820.000000 4.82803728e-03
10830.000000 4.62358272e-03
10840.000000 4.42954904e-03
10850.000000 4.23208454e-03
10860.000000 4.04869189e-03
10870.000000 3.86172165e-03
10880.000000 3.67766851e-03
10890.000000 3.49379885e-03
10900.000000 3.31515796e-03
10910.000000 3.13908561e-03
10920.000000 2.96915936e-03
10930.000000 2.80095769e-03
10940.000000 2.63468242e-03
10950.000000 2.47207647e-03
10960.000000 2.31090155e-03
10970.000000 2.15326753e-03
10980.000000 2.00108245e-03
10990.000000 1.85361245e-03
11000.000000 1.70448024e-03
11010.000000 1.68175981e-03
11020.000000 1.66000257e-03
11030.000000 1.62933622e-03
11040.000000 1.59889370e-03
11050.000000 1.56867501e-03
11060.000000 1.53868015e-03
11070.000000 1.50890728e-03
11080.000000 1.47935640e-03
11090.000000 1.45003119e-03
11100.000000 1.42092797e-03
11110.000000 1.39204858e-03
11120.000000 1.36339302e-03
11130.000000 1.33496129e-03
11140.000000 1.30675155e-03
11150.000000 1.27876748e-03
11160.000000 1.25100539e-03
11170.000000 1.22346714e-03
11180.000000 1.19615272e-03
11190.000000 1.16906212e-03
11200.000000 1.14219535e-03
11210.000000 1.11555242e-03
11220.000000 1.08913514e-03
11230.000000 1.06293986e-03
11240.000000 1.03697024e-03
11250.000000 1.01122262e-03
11260.000000 9.85700657e-04
11270.000000 9.60402524e-04
11280.000000 9.35328221e-04
11290.000000 9.10479580e-04
11300.000000 8.85852934e-04
11310.000000 8.61453785e-04
11320.000000 8.37276630e-04
11330.000000 8.13325139e-04
11340.000000 7.89597476e-04
11350.000000 7.66093641e-04
11360.000000 7.42815470e-04
11370.000000 7.19761127e-04
11380.000000 6.96932448e-04
11390.000000 6.74329432e-04
11400.000000 6.51948409e-04
11410.000000 6.29794885e-04
11420.000000 6.07865189e-04
11430.000000 5.86161157e-04
11440.000000 5.64680953e-04
11450.000000 5.43426412e-04
11460.000000 5.22395700e-04
11470.000000 5.01592485e-04
11480.000000 4.81013099e-04
11490.000000 4.60659377e-04
11500.000000 4.40529483e-04
11510.000000 4.20627087e-04
11520.000000 4.00948519e-04
11530.000000 3.81495615e-04
11540.000000 3.62268374e-04
11550.000000 3.43266796e-04
11560.000000 3.24490882e-04
11570.000000 3.05940630e-04
11580.000000 2.87616042e-04
11590.000000 2.69517117e-04
11600.000000 2.51643856e-04
11610.000000 2.33996257e-04
11620.000000 2.16574322e-04
