1120.000000 3.12157609e-04
1130.000000 2.47825181e-03
1140.000000 9.73867754e-03
1150.000000 2.56306159e-02
1160.000000 5.12560688e-02
1170.000000 8.57365036e-02
1180.000000 1.22962862e-01
1190.000000 1.52753623e-01
1200.000000 1.81642210e-01
1210.000000 2.07196558e-01
1216.000000 2.19861413e-01
1220.000000 2.29932971e-01
1230.000000 2.50821558e-01
1240.000000 2.68034420e-01
1250.000000 2.82140399e-01
1260.000000 2.93884964e-01
1270.000000 3.03590580e-01
1280.000000 3.11502717e-01
1290.000000 3.17961957e-01
1300.000000 4.83896739e-01
1310.000000 6.51063406e-01
1320.000000 8.18684783e-01
1330.000000 8.79996377e-01
1340.000000 9.40280797e-01
1350.000000 9.99664855e-01
1354.000000 9.96938406e-01
1360.000000 9.91811594e-01
1370.000000 9.82789855e-01
1380.000000 9.73550725e-01
1390.000000 9.64320652e-01
1400.000000 9.55389493e-01
1410.000000 9.46902174e-01
1420.000000 9.32518116e-01
1430.000000 9.17880435e-01
1440.000000 9.02701087e-01
1450.000000 8.86632246e-01
1460.000000 8.69266304e-01
1470.000000 8.50387681e-01
1480.000000 8.24903080e-01
1487.000000 8.05693841e-01
1490.000000 8.00405797e-01
1500.000000 7.80039855e-01
1510.000000 7.55368659e-01
1520.000000 7.28574275e-01
1530.000000 7.00496377e-01
1540.000000 6.69711051e-01
1545.000000 6.54413043e-01
1550.000000 6.34509964e-01
1560.000000 5.96356884e-01
1570.000000 5.58679348e-01
1580.000000 5.23809783e-01
1590.000000 4.92014493e-01
1600.000000 4.63296196e-01
1610.000000 4.37780797e-01
1620.000000 4.15317029e-01
1630.000000 3.92569746e-01
1640.000000 3.72521739e-01
1648.000000 3.58454710e-01
1650.000000 3.55279891e-01
1660.000000 3.43067029e-01
1670.000000 3.32534420e-01
1680.000000 3.23270833e-01
1690.000000 3.14949275e-01
1700.000000 3.07189312e-01
1710.000000 2.99697464e-01
1720.000000 2.94021739e-01
1730.000000 2.88217391e-01
1740.000000 2.82100543e-01
1750.000000 2.75483696e-01
1760.000000 2.65836957e-01
1770.000000 2.55605978e-01
1780.000000 2.44748188e-01
1790.000000 2.33205616e-01
1800.000000 2.20947464e-01
1810.000000 2.05995471e-01
1820.000000 1.90128623e-01
1830.000000 1.73288949e-01
1840.000000 1.55427536e-01
1850.000000 1.36488225e-01
1860.000000 1.16421196e-01
1870.000000 1.11734601e-01
1879.000000 1.07599638e-01
1880.000000 1.07077899e-01
1890.000000 1.01995471e-01
1900.000000 9.71911232e-02
1910.000000 9.26992754e-02
1920.000000 8.77959239e-02
1930.000000 8.29933877e-02
1940.000000 7.87806159e-02
1950.000000 7.49607790e-02
1960.000000 7.14937500e-02
1970.000000 6.80680254e-02
1980.000000 6.47858696e-02
1990.000000 6.17469203e-02
2000.000000 5.87968297e-02
2010.000000 5.63556159e-02
2020.000000 5.39257246e-02
2030.000000 5.16054348e-02
2040.000000 4.95120471e-02
2050.000000 4.74665761e-02
2060.000000 4.56849638e-02
2070.000000 4.39791667e-02
2080.000000 4.22556159e-02
2090.000000 4.06275362e-02
2100.000000 3.92194746e-02
2110.000000 3.78225543e-02
2120.000000 3.64418478e-02
2130.000000 3.50815217e-02
2138.000000 3.41174819e-02
2140.000000 3.38812500e-02
2150.000000 3.27574275e-02
2160.000000 3.16737319e-02
2170.000000 3.05105978e-02
2180.000000 2.95247283e-02
2190.000000 2.85992754e-02
2200.000000 2.74751812e-02
2210.000000 2.73375906e-02
2220.000000 2.72391304e-02
2230.000000 2.70469203e-02
2240.000000 2.67606884e-02
2250.000000 2.63816123e-02
2260.000000 2.60721014e-02
2270.000000 2.58502717e-02
2280.000000 2.55587862e-02
2290.000000 2.52024457e-02
2296.000000 2.50647645e-02
2300.000000 2.49807065e-02
2310.000000 2.45445652e-02
2320.000000 2.42368659e-02
2330.000000 2.40730978e-02
2340.000000 2.38653080e-02
2350.000000 2.36140399e-02
2360.000000 2.33182971e-02
2370.000000 2.29778080e-02
2380.000000 2.28141304e-02
2390.000000 2.23896739e-02
2400.000000 2.21514493e-02
2410.000000 2.18780797e-02
2420.000000 2.15716486e-02
2430.000000 2.14766304e-02
2440.000000 2.11105978e-02
2450.000000 2.09678442e-02
2460.000000 2.05479167e-02
2470.000000 2.03615036e-02
2480.000000 1.98917572e-02
2490.000000 1.96660326e-02
2500.000000 1.94250000e-02
2510.000000 1.91682065e-02
2520.000000 1.88971920e-02
2530.000000 1.86111413e-02
2537.000000 1.86055254e-02
2540.000000 1.85568841e-02
2550.000000 1.81001812e-02
2560.000000 1.76355072e-02
2570.000000 1.74586051e-02
2580.000000 1.69806159e-02
2590.000000 1.67957428e-02
2600.000000 1.63058877e-02
2610.000000 1.61133152e-02
2620.000000 1.59182065e-02
2630.000000 1.54116848e-02
2640.000000 1.52083333e-02
2650.000000 1.50008152e-02
2660.000000 1.47897645e-02
2670.000000 1.45746377e-02
2680.000000 1.43547101e-02
2690.000000 1.41306159e-02
2700.000000 1.39014493e-02
2710.000000 1.37553442e-02
2720.000000 1.36018116e-02
2730.000000 1.34410326e-02
2740.000000 1.36126812e-02
2750.000000 1.34405797e-02
2760.000000 1.31357790e-02
2770.000000 1.28283514e-02
2780.000000 1.25185688e-02
2790.000000 1.25546196e-02
2800.000000 1.22397645e-02
2810.000000 1.19222826e-02
2820.000000 1.19532609e-02
2830.000000 1.16307971e-02
2840.000000 1.16592391e-02
2850.000000 1.13323370e-02
2860.000000 1.10032609e-02
2870.000000 1.10275362e-02
2880.000000 1.06943841e-02
2890.000000 1.07165761e-02
2900.000000 1.03799819e-02
2910.000000 1.03279891e-02
2920.000000 9.92065217e-03
2930.000000 9.86875000e-03
2940.000000 9.81594203e-03
2950.000000 9.41431159e-03
2960.000000 9.36213768e-03
2970.000000 8.96509964e-03
2980.000000 8.91415761e-03
2990.000000 8.52176630e-03
3000.000000 8.47199275e-03
3010.000000 8.42173913e-03
3020.000000 8.03644928e-03
3030.000000 7.98759964e-03
3040.000000 7.60755435e-03
3050.000000 7.56014493e-03
3060.000000 7.51236413e-03
3070.000000 7.46440217e-03
3080.000000 7.09384058e-03
3090.000000 7.04743659e-03
3100.000000 7.00088768e-03
3110.000000 6.71887681e-03
3120.000000 6.75517210e-03
3130.000000 6.79157609e-03
3140.000000 6.82788043e-03
3150.000000 6.53762681e-03
3160.000000 6.57239130e-03
3170.000000 6.60728261e-03
3180.000000 6.64204710e-03
3190.000000 6.34328804e-03
3200.000000 6.37653986e-03
3210.000000 6.40988225e-03
3220.000000 6.44355072e-03
3230.000000 6.13621377e-03
3240.000000 6.16811594e-03
3250.000000 6.20033514e-03
3260.000000 6.23245471e-03
3270.000000 6.26468297e-03
3280.000000 5.94740036e-03
3290.000000 5.97807065e-03
3300.000000 6.00903080e-03
3310.000000 6.04010870e-03
3320.000000 6.07131341e-03
3330.000000 5.74365942e-03
3340.000000 5.77344203e-03
3350.000000 5.80335145e-03
3360.000000 5.83337862e-03
3370.000000 5.86353261e-03
3380.000000 5.89400362e-03
3390.000000 5.92461051e-03
3400.000000 5.58332428e-03
3410.000000 5.61245471e-03
3420.000000 5.64172101e-03
3430.000000 5.29322464e-03
3440.000000 5.32114130e-03
3450.000000 5.34920290e-03
3460.000000 5.37758152e-03
3470.000000 5.40608696e-03
3480.000000 5.43493659e-03
3490.000000 5.46411232e-03
3500.000000 5.10105978e-03
3510.000000 5.12862319e-03
3520.000000 5.15650362e-03
3530.000000 5.18452899e-03
3540.000000 5.21304348e-03
3550.000000 5.24153986e-03
3560.000000 5.27035326e-03
3570.000000 5.29949275e-03
3580.000000 4.91885870e-03
3590.000000 4.94617754e-03
3600.000000 4.97363225e-03
3610.000000 5.00135870e-03
3620.000000 5.02907609e-03
3630.000000 5.05723732e-03
3640.000000 5.08537138e-03
3650.000000 5.11362319e-03
3660.000000 5.14217391e-03
3670.000000 4.73992754e-03
3680.000000 4.76632246e-03
3690.000000 4.79280797e-03
3700.000000 4.81942029e-03
3710.000000 4.84612319e-03
3720.000000 4.87294384e-03
3730.000000 4.89986413e-03
3740.000000 4.92687500e-03
3750.000000 4.95398551e-03
3760.000000 4.98118659e-03
3770.000000 4.55303442e-03
3780.000000 4.57793478e-03
3790.000000 4.60276268e-03
3800.000000 4.62753623e-03
3810.000000 4.65252717e-03
3820.000000 4.67744565e-03
3830.000000 4.70227355e-03
3840.000000 4.72718297e-03
3850.000000 4.75213768e-03
3860.000000 4.77701993e-03
3870.000000 4.80180254e-03
3880.000000 4.82663043e-03
3890.000000 4.85137681e-03
3900.000000 4.38853261e-03
3910.000000 4.41073370e-03
3920.000000 4.43283514e-03
3930.000000 4.45482790e-03
3940.000000 4.47683877e-03
3950.000000 4.49860507e-03
3960.000000 4.52038043e-03
3970.000000 4.54188406e-03
3980.000000 4.56340580e-03
3990.000000 4.58478261e-03
4000.000000 4.60587862e-03
4010.000000 4.60403986e-03
4020.000000 4.60199275e-03
4030.000000 4.08863225e-03
4040.000000 4.08642210e-03
4050.000000 4.08403080e-03
4060.000000 4.08144022e-03
4070.000000 4.07866848e-03
4080.000000 4.07571558e-03
4090.000000 4.07258152e-03
4100.000000 4.06939312e-03
4110.000000 4.06590580e-03
4120.000000 4.06237319e-03
4130.000000 4.05854167e-03
4140.000000 4.05465580e-03
4150.000000 4.05072464e-03
4160.000000 4.04650362e-03
4170.000000 4.04223732e-03
4180.000000 4.03780797e-03
4190.000000 4.03333333e-03
4200.000000 4.02870471e-03
4210.000000 4.03858696e-03
4220.000000 3.54240036e-03
4230.000000 3.55090580e-03
4240.000000 3.55940217e-03
4250.000000 3.56778986e-03
4260.000000 3.57615942e-03
4270.000000 3.58441123e-03
4280.000000 3.59265399e-03
4290.000000 3.60076993e-03
4300.000000 3.60887681e-03
4310.000000 3.61686594e-03
4320.000000 3.62485507e-03
4330.000000 3.63282609e-03
4340.000000 3.64078804e-03
4350.000000 3.64863225e-03
4360.000000 3.65635870e-03
4370.000000 3.66418478e-03
4380.000000 3.67190217e-03
4390.000000 3.67960145e-03
4400.000000 3.68718297e-03
4410.000000 3.69487319e-03
4420.000000 3.70244565e-03
4430.000000 3.18001812e-03
4440.000000 3.18639493e-03
4450.000000 3.19287138e-03
4460.000000 3.19923913e-03
4470.000000 3.20560688e-03
4480.000000 3.21197464e-03
4490.000000 3.21833333e-03
4500.000000 3.22469203e-03
4510.000000 3.25700181e-03
4520.000000 3.28923913e-03
4530.000000 3.32158514e-03
4540.000000 3.35384058e-03
4550.000000 3.38611413e-03
4560.000000 3.41850543e-03
4570.000000 3.45080616e-03
4580.000000 3.48312500e-03
4590.000000 3.51545290e-03
4600.000000 3.54779891e-03
4610.000000 3.58015399e-03
4620.000000 3.61252717e-03
4630.000000 3.64480072e-03
4640.000000 3.67720109e-03
4650.000000 3.70961051e-03
4660.000000 3.74203804e-03
4670.000000 3.77435688e-03
4680.000000 3.80681159e-03
4690.000000 3.83927536e-03
4700.000000 3.87163949e-03
4710.000000 3.90413043e-03
4720.000000 3.28043478e-03
4730.000000 3.30753623e-03
4740.000000 3.33454710e-03
4750.000000 3.36166667e-03
4760.000000 3.38869565e-03
4770.000000 3.41583333e-03
4780.000000 3.44298913e-03
4790.000000 3.47005435e-03
4800.000000 3.49722826e-03
4810.000000 3.52441123e-03
4820.000000 3.55150362e-03
4830.000000 3.57871377e-03
4840.000000 3.60593297e-03
4850.000000 3.63317029e-03
4860.000000 3.66029891e-03
4870.000000 3.68755435e-03
4880.000000 3.71480978e-03
4890.000000 3.74208333e-03
4900.000000 3.76936594e-03
4910.000000 3.79677536e-03
4920.000000 3.82408514e-03
4930.000000 3.85139493e-03
4940.000000 3.87872283e-03
4950.000000 3.90617754e-03
4960.000000 3.93365036e-03
4970.000000 3.96100543e-03
4980.000000 3.98849638e-03
4990.000000 4.01599638e-03
5000.000000 4.04350543e-03
5010.000000 4.07669384e-03
5020.000000 4.10989130e-03
5030.000000 4.14323370e-03
5040.000000 4.17646739e-03
5050.000000 4.20983696e-03
5060.000000 4.24309783e-03
5070.000000 4.27650362e-03
5080.000000 4.30992754e-03
5090.000000 4.34323370e-03
5100.000000 4.37669384e-03
5110.000000 4.41015399e-03
5120.000000 4.44365036e-03
5130.000000 4.47714674e-03
5140.000000 3.60842391e-03
5150.000000 3.63525362e-03
5160.000000 3.66210145e-03
5170.000000 3.68894928e-03
5180.000000 3.71582428e-03
5190.000000 3.74259058e-03
5200.000000 3.76947464e-03
5210.000000 3.79627717e-03
5220.000000 3.82318841e-03
5230.000000 3.85000906e-03
5240.000000 3.87683877e-03
5250.000000 3.90366848e-03
5260.000000 3.93064312e-03
5270.000000 3.95737319e-03
5280.000000 3.98424819e-03
5290.000000 4.01113225e-03
5300.000000 4.03790761e-03
5310.000000 4.06468297e-03
5320.000000 4.09160326e-03
5330.000000 4.11827899e-03
5340.000000 4.14508152e-03
5350.000000 4.17190217e-03
5360.000000 4.19859601e-03
5370.000000 4.22530797e-03
5380.000000 4.25189312e-03
5390.000000 4.27861413e-03
5400.000000 4.30520833e-03
5410.000000 4.33181159e-03
5420.000000 4.35842391e-03
5430.000000 4.38490036e-03
5440.000000 4.41138587e-03
5450.000000 4.43787138e-03
5460.000000 4.46422101e-03
5470.000000 4.49058877e-03
5480.000000 4.51680254e-03
5490.000000 4.54301630e-03
5500.000000 4.56923913e-03
5510.000000 4.59358696e-03
5520.000000 4.61789855e-03
5530.000000 4.64220109e-03
5540.000000 4.66633152e-03
5550.000000 4.69030797e-03
5560.000000 4.71439312e-03
5570.000000 4.73831522e-03
5580.000000 4.76221014e-03
5590.000000 4.78594203e-03
5600.000000 4.80963768e-03
5610.000000 4.82326993e-03
5620.000000 4.83687500e-03
5630.000000 4.85032609e-03
5640.000000 4.86375000e-03
5650.000000 4.87716486e-03
5660.000000 4.89054348e-03
5670.000000 4.90391304e-03
5680.000000 4.91710145e-03
5690.000000 4.93028080e-03
5700.000000 4.94343297e-03
5710.000000 4.95656703e-03
5720.000000 4.96967391e-03
5730.000000 4.98275362e-03
5740.000000 4.99582428e-03
5750.000000 5.00871377e-03
5760.000000 5.02172101e-03
5770.000000 5.03471014e-03
5780.000000 5.04752717e-03
5790.000000 5.06046196e-03
5800.000000 5.07322464e-03
5810.000000 5.08611413e-03
5820.000000 5.09882246e-03
5830.000000 5.11166667e-03
5840.000000 5.12432065e-03
5850.000000 5.13711051e-03
5860.000000 3.86227355e-03
5870.000000 3.87182971e-03
5880.000000 3.88134964e-03
5890.000000 3.89085145e-03
5900.000000 3.90033514e-03
5910.000000 3.90979167e-03
5920.000000 3.91934783e-03
5930.000000 3.92875906e-03
5940.000000 3.93826993e-03
5950.000000 3.94775362e-03
5960.000000 3.95721014e-03
5970.000000 3.96676630e-03
5980.000000 3.97617754e-03
5990.000000 3.98568841e-03
6000.000000 3.99516304e-03
6010.000000 3.99648551e-03
6020.000000 3.99790761e-03
6030.000000 3.99932971e-03
6040.000000 4.00072464e-03
6050.000000 4.00210145e-03
6060.000000 4.00358696e-03
6070.000000 4.00493659e-03
6080.000000 4.00639493e-03
6090.000000 4.00783514e-03
6100.000000 4.00926630e-03
6110.000000 4.01067935e-03
6120.000000 4.01208333e-03
6130.000000 4.01346920e-03
6140.000000 4.01484601e-03
6150.000000 4.01634058e-03
6160.000000 4.01769022e-03
6170.000000 4.01903080e-03
6180.000000 4.02036232e-03
6190.000000 4.02168478e-03
6200.000000 4.02298913e-03
6210.000000 4.02429348e-03
6220.000000 4.02546196e-03
6230.000000 4.02673913e-03
6240.000000 4.02788043e-03
6250.000000 4.02914855e-03
6260.000000 4.03028080e-03
6270.000000 4.03127717e-03
6280.000000 4.03238225e-03
6290.000000 4.03336957e-03
6300.000000 4.03433877e-03
6310.000000 4.03529891e-03
6320.000000 4.03613225e-03
6330.000000 4.03695652e-03
6340.000000 4.03777174e-03
6350.000000 4.03845109e-03
6360.000000 4.03913043e-03
6370.000000 4.03968297e-03
6380.000000 4.04022645e-03
6390.000000 4.04075181e-03
6400.000000 4.04115942e-03
6410.000000 4.04143116e-03
6420.000000 4.04169384e-03
6430.000000 4.04183877e-03
6440.000000 4.04195652e-03
6450.000000 4.04195652e-03
6460.000000 4.04195652e-03
6470.000000 4.04170290e-03
6480.000000 4.04143116e-03
6490.000000 4.04115942e-03
6500.000000 4.04063406e-03
6510.000000 4.03003623e-03
6520.000000 4.01932065e-03
6530.000000 4.00848732e-03
6540.000000 3.99755435e-03
6550.000000 3.98663043e-03
6560.000000 3.97559783e-03
6570.000000 3.96458333e-03
6580.000000 3.95333333e-03
6590.000000 3.94221920e-03
6600.000000 3.93101449e-03
6610.000000 3.91969203e-03
6620.000000 3.90826993e-03
6630.000000 3.89698370e-03
6640.000000 3.88547101e-03
6650.000000 3.87410326e-03
6660.000000 3.86250906e-03
6670.000000 3.85105978e-03
6680.000000 3.83950181e-03
6690.000000 3.82797101e-03
6700.000000 3.81633152e-03
6710.000000 3.80471920e-03
6720.000000 3.79312500e-03
6730.000000 3.78155797e-03
6740.000000 3.76988225e-03
6750.000000 3.75823370e-03
6760.000000 3.74661232e-03
6770.000000 3.73489130e-03
6780.000000 3.72330616e-03
6790.000000 3.71162138e-03
6800.000000 3.69996377e-03
6810.000000 3.68833333e-03
6820.000000 3.67672101e-03
6830.000000 3.66513587e-03
6840.000000 3.65356884e-03
6850.000000 3.64201993e-03
6860.000000 3.63048913e-03
6870.000000 3.61887681e-03
6880.000000 3.60740942e-03
6890.000000 3.59595109e-03
6900.000000 3.58451993e-03
6910.000000 3.57299819e-03
6920.000000 3.56161232e-03
6930.000000 3.55025362e-03
6940.000000 3.53902174e-03
6950.000000 3.52770833e-03
6960.000000 3.51641304e-03
6970.000000 3.50524457e-03
6980.000000 3.49411232e-03
6990.000000 3.48299819e-03
7000.000000 3.47191123e-03
7010.000000 3.45527174e-03
7020.000000 3.43859601e-03
7030.000000 3.42207428e-03
7040.000000 3.40572464e-03
7050.000000 3.38932971e-03
7060.000000 3.37309783e-03
7070.000000 3.35692029e-03
7080.000000 3.34079710e-03
7090.000000 3.32473732e-03
7100.000000 3.30884058e-03
7110.000000 3.29299819e-03
7120.000000 3.27720109e-03
7130.000000 3.26147645e-03
7140.000000 3.24588768e-03
7150.000000 3.23027174e-03
7160.000000 3.21480072e-03
7170.000000 3.19938406e-03
7180.000000 3.18412138e-03
7190.000000 4.22509058e-03
7200.000000 4.20488225e-03
7210.000000 4.18474638e-03
7220.000000 4.16468297e-03
7230.000000 4.14481884e-03
7240.000000 4.12489130e-03
7250.000000 4.10516304e-03
7260.000000 4.08548913e-03
7270.000000 4.06589674e-03
7280.000000 4.04650362e-03
7290.000000 4.02704710e-03
7300.000000 4.00778080e-03
7310.000000 3.98857790e-03
7320.000000 3.96957428e-03
7330.000000 3.95049819e-03
7340.000000 3.93162138e-03
7350.000000 3.91280797e-03
7360.000000 3.89405797e-03
7370.000000 3.87549819e-03
7380.000000 3.85687500e-03
7390.000000 3.83843297e-03
7400.000000 3.82006341e-03
7410.000000 3.80187500e-03
7420.000000 3.78363225e-03
7430.000000 3.76556159e-03
7440.000000 3.74768116e-03
7450.000000 3.72973732e-03
7460.000000 3.71197464e-03
7470.000000 3.69426630e-03
7480.000000 3.67663043e-03
7490.000000 3.65904891e-03
7500.000000 3.64163949e-03
7510.000000 3.62431159e-03
7520.000000 3.60702899e-03
7530.000000 3.58979167e-03
7540.000000 3.57260870e-03
7550.000000 3.55546196e-03
7560.000000 3.53836051e-03
7570.000000 3.52130435e-03
7580.000000 4.38037138e-03
7590.000000 4.35917572e-03
7600.000000 4.33803442e-03
7610.000000 4.31694746e-03
7620.000000 4.29591486e-03
7630.000000 4.27494565e-03
7640.000000 4.25403986e-03
7650.000000 4.23317935e-03
7660.000000 4.21239130e-03
7670.000000 4.19165761e-03
7680.000000 4.17097826e-03
7690.000000 4.15036232e-03
7700.000000 4.12980072e-03
7710.000000 4.10931159e-03
7720.000000 4.08886775e-03
7730.000000 4.06849638e-03
7740.000000 4.04817029e-03
7750.000000 4.02791667e-03
7760.000000 4.00771739e-03
7770.000000 3.98758152e-03
7780.000000 4.76101449e-03
7790.000000 4.73700181e-03
7800.000000 4.71305254e-03
7810.000000 4.68919384e-03
7820.000000 4.66538949e-03
7830.000000 4.64168478e-03
7840.000000 4.61803442e-03
7850.000000 4.59447464e-03
7860.000000 4.57098732e-03
7870.000000 4.54757246e-03
7880.000000 4.52423913e-03
7890.000000 4.50098732e-03
7900.000000 4.47780797e-03
7910.000000 4.45471014e-03
7920.000000 5.17030797e-03
7930.000000 5.14354167e-03
7940.000000 5.11687500e-03
7950.000000 5.09029891e-03
7960.000000 5.06382246e-03
7970.000000 5.03743659e-03
7980.000000 5.01114130e-03
7990.000000 4.98495471e-03
8000.000000 5.66726449e-03
8010.000000 5.62547101e-03
8020.000000 5.58381341e-03
8030.000000 5.54229167e-03
8040.000000 4.81328804e-03
8050.000000 4.77720109e-03
8060.000000 5.41854167e-03
8070.000000 5.37756341e-03
8080.000000 5.33672101e-03
8090.000000 5.29601449e-03
8100.000000 4.59851449e-03
8110.000000 4.56314312e-03
8120.000000 5.17471920e-03
8130.000000 5.13455616e-03
8140.000000 5.73134964e-03
8150.000000 5.68646739e-03
8160.000000 5.01488225e-03
8170.000000 5.59717391e-03
8180.000000 5.55275362e-03
8190.000000 6.12053442e-03
8200.000000 6.07151268e-03
8210.000000 6.02266304e-03
8220.000000 5.37658514e-03
8230.000000 5.33291667e-03
8240.000000 5.28941123e-03
8250.000000 5.82894928e-03
8260.000000 5.78093297e-03
8270.000000 5.73308877e-03
8280.000000 5.11687500e-03
8290.000000 5.07412138e-03
8300.000000 5.59057065e-03
8310.000000 5.54340580e-03
8320.000000 5.49639493e-03
8330.000000 5.44955616e-03
8340.000000 5.40288949e-03
8350.000000 5.35638587e-03
8360.000000 5.33716486e-03
8370.000000 5.84956522e-03
8380.000000 5.82806159e-03
8390.000000 5.80637681e-03
8400.000000 6.31038043e-03
8410.000000 6.28632246e-03
8420.000000 6.26207428e-03
8430.000000 5.71781703e-03
8440.000000 6.21297101e-03
8450.000000 6.70379529e-03
8460.000000 6.16307065e-03
8470.000000 5.62633152e-03
8480.000000 6.11236413e-03
8490.000000 6.08670290e-03
8500.000000 6.06084239e-03
8510.000000 6.03369565e-03
8520.000000 6.00634964e-03
8530.000000 5.97878623e-03
8540.000000 5.95101449e-03
8550.000000 5.92303442e-03
8560.000000 5.89483696e-03
8570.000000 5.86643116e-03
8580.000000 5.83781703e-03
8590.000000 5.80898551e-03
8600.000000 5.77994565e-03
8610.000000 5.75068841e-03
8620.000000 6.19798913e-03
8630.000000 6.16583333e-03
8640.000000 6.13345109e-03
8650.000000 6.10083333e-03
8660.000000 6.06684783e-03
8670.000000 6.49670290e-03
8680.000000 6.45964674e-03
8690.000000 5.96360507e-03
8700.000000 5.92875906e-03
8710.000000 5.89368659e-03
8720.000000 5.40774457e-03
8730.000000 5.82288043e-03
8740.000000 6.23230978e-03
8750.000000 6.19358696e-03
8760.000000 6.15463768e-03
8770.000000 6.11543478e-03
8780.000000 6.07600543e-03
8790.000000 5.60515399e-03
8800.000000 5.56808877e-03
8810.000000 5.53080616e-03
8820.000000 5.49328804e-03
8830.000000 5.45555254e-03
8840.000000 5.41759058e-03
8850.000000 5.79320652e-03
8860.000000 5.75183877e-03
8870.000000 5.30234601e-03
8880.000000 5.66836957e-03
8890.000000 5.62626812e-03
8900.000000 5.58392210e-03
8910.000000 5.54133152e-03
8920.000000 5.10574275e-03
8930.000000 5.06574275e-03
8940.000000 5.41208333e-03
8950.000000 4.98504529e-03
8960.000000 4.94347826e-03
8970.000000 4.90168478e-03
8980.000000 4.85969203e-03
8990.000000 4.81747283e-03
9000.000000 4.77504529e-03
9010.000000 4.73648551e-03
9020.000000 4.69772645e-03
9030.000000 4.65876812e-03
9040.000000 4.61961957e-03
9050.000000 4.58026268e-03
9060.000000 4.54070652e-03
9070.000000 4.50096014e-03
9080.000000 4.46100543e-03
9090.000000 4.76092391e-03
9100.000000 4.38050725e-03
9110.000000 4.33995471e-03
9120.000000 4.29919384e-03
9130.000000 4.25824275e-03
9140.000000 4.21708333e-03
9150.000000 4.17573370e-03
9160.000000 4.13416667e-03
9170.000000 3.77759964e-03
9180.000000 4.05044384e-03
9190.000000 4.00826993e-03
9200.000000 3.96589674e-03
9210.000000 3.92332428e-03
9220.000000 3.88054348e-03
9230.000000 3.83755435e-03
9240.000000 3.79436594e-03
9250.000000 3.46242754e-03
9260.000000 3.42164855e-03
9270.000000 3.38068841e-03
9280.000000 3.61784420e-03
9290.000000 3.57308877e-03
9300.000000 3.25674819e-03
9310.000000 3.48300725e-03
9320.000000 3.43767210e-03
9330.000000 3.39214674e-03
9340.000000 3.08901268e-03
9350.000000 2.79274457e-03
9360.000000 2.75373188e-03
9370.000000 2.96134058e-03
9380.000000 2.91842391e-03
9390.000000 2.63571558e-03
9400.000000 2.83205616e-03
9410.000000 3.02097826e-03
9420.000000 2.74496377e-03
9430.000000 2.70115036e-03
9440.000000 2.65715580e-03
9450.000000 2.61297101e-03
9460.000000 2.56861413e-03
9470.000000 2.52407609e-03
9480.000000 2.47935688e-03
9490.000000 2.43444746e-03
9500.000000 2.38936594e-03
9510.000000 2.15836957e-03
9520.000000 2.12655797e-03
9530.000000 2.28528080e-03
9540.000000 2.25076993e-03
9550.000000 2.03164855e-03
9560.000000 1.81835145e-03
9570.000000 1.96880435e-03
9580.000000 1.93750906e-03
9590.000000 1.90629529e-03
9600.000000 1.87517210e-03
9610.000000 1.84413043e-03
9620.000000 1.81317935e-03
9630.000000 1.78230978e-03
9640.000000 1.75153986e-03
9650.000000 1.72085145e-03
9660.000000 1.69025362e-03
9670.000000 1.81062500e-03
9680.000000 1.77744565e-03
9690.000000 1.59899457e-03
9700.000000 1.42613225e-03
9710.000000 1.39872283e-03
9720.000000 1.50854167e-03
9730.000000 1.34415761e-03
9740.000000 1.31700181e-03
9750.000000 1.16093297e-03
9760.000000 1.13604167e-03
9770.000000 1.23472826e-03
9780.000000 1.32802536e-03
9790.000000 1.41596920e-03
9800.000000 1.26804348e-03
9810.000000 1.23822464e-03
9820.000000 1.09866848e-03
9830.000000 1.07179348e-03
9840.000000 1.04502717e-03
9850.000000 1.01837862e-03
9860.000000 9.91838768e-04
9870.000000 8.68872283e-04
9880.000000 8.45192029e-04
9890.000000 8.21615036e-04
9900.000000 8.86823370e-04
9910.000000 8.60857790e-04
9920.000000 8.35007246e-04
9930.000000 8.09273551e-04
9940.000000 7.05290761e-04
9950.000000 7.58155797e-04
9960.000000 6.59496377e-04
9970.000000 6.36759058e-04
9980.000000 6.82364130e-04
9990.000000 6.57337862e-04
10000.000000 6.32430254e-04
10010.000000 6.18285326e-04
10020.000000 6.04259058e-04
10030.000000 5.31316123e-04
10040.000000 5.18907609e-04
10050.000000 5.06605978e-04
10060.000000 4.39477355e-04
10070.000000 4.28732790e-04
10080.000000 4.18084239e-04
10090.000000 4.07531703e-04
10100.000000 4.46709239e-04
10110.000000 4.83391304e-04
10120.000000 4.23502717e-04
10130.000000 4.12060688e-04
10140.000000 4.00726449e-04
10150.000000 3.89500000e-04
10160.000000 3.36338768e-04
10170.000000 3.26550725e-04
10180.000000 3.16858696e-04
10190.000000 3.07261775e-04
10200.000000 2.97760870e-04
10210.000000 3.24400362e-04
10220.000000 3.13928442e-04
10230.000000 2.69833333e-04
10240.000000 2.93305254e-04
10250.000000 2.83156703e-04
10260.000000 2.73115036e-04
10270.000000 2.33938406e-04
10280.000000 2.25204710e-04
10290.000000 2.16567029e-04
10300.000000 2.08024457e-04
