6542.000000 2.65577e-05
6544.000000 3.22902e-05
6546.000000 5.80008e-05
6548.000000 8.29392e-05
6550.000000 0.000132737
6552.000000 0.000212693
6554.000000 0.000351723
6556.000000 0.000575329
6558.000000 0.00100333
6560.000000 0.00175429
6562.000000 0.00316269
6564.000000 0.00585513
6566.000000 0.0106409
6568.000000 0.0196955
6570.000000 0.036007
6572.000000 0.0607213
6574.000000 0.0901454
6576.000000 0.109425
6578.000000 0.115209
6580.000000 0.114698
6582.000000 0.1138
6584.000000 0.113694
6586.000000 0.114449
6588.000000 0.115079
6590.000000 0.115486
6592.000000 0.115545
6594.000000 0.115146
6596.000000 0.114624
6598.000000 0.114033
6600.000000 0.113663
6602.000000 0.113639
6604.000000 0.112759
6606.000000 0.106714
6608.000000 0.0890705
6610.000000 0.0602196
6612.000000 0.0336763
6614.000000 0.0167112
6616.000000 0.00837965
6618.000000 0.00429334
6620.000000 0.00231182
6622.000000 0.00130795
6624.000000 0.00075044
6626.000000 0.000470075
6628.000000 0.000285943
6630.000000 0.000183068
6632.000000 0.000117382
6634.000000 7.87974e-05
6636.000000 5.72596e-05
6638.000000 3.49128e-05
6640.000000 2.73449e-05
