9680.000000 2.02155139e-04
9690.000000 2.08311479e-04
9700.000000 2.75739673e-04
9710.000000 3.24529299e-04
9720.000000 2.58916907e-04
9730.000000 3.63844861e-04
9740.000000 4.07420749e-04
9750.000000 3.11020653e-04
9760.000000 4.16332853e-04
9770.000000 4.49378002e-04
9780.000000 6.09658982e-04
9790.000000 7.40799712e-04
9800.000000 8.46957253e-04
9810.000000 1.05749280e-03
9820.000000 1.35202450e-03
9830.000000 1.61638329e-03
9840.000000 2.02053794e-03
9850.000000 2.80062440e-03
9860.000000 3.57593660e-03
9870.000000 4.99810279e-03
9880.000000 6.81217579e-03
9890.000000 9.91143132e-03
9900.000000 1.38987512e-02
9910.000000 1.69411143e-02
9920.000000 1.97781460e-02
9930.000000 3.12168588e-02
9940.000000 5.02665706e-02
9950.000000 8.01092699e-02
9960.000000 1.31623919e-01
9970.000000 2.10825648e-01
9980.000000 3.34723823e-01
9990.000000 4.97672911e-01
10000.000000 6.72922671e-01
10010.000000 8.15626801e-01
10020.000000 8.89310759e-01
10030.000000 9.06938040e-01
10040.000000 9.01652257e-01
10050.000000 8.96870797e-01
10060.000000 9.02512008e-01
10070.000000 9.19968780e-01
10080.000000 9.42958694e-01
10090.000000 9.67581652e-01
10100.000000 9.85917387e-01
10110.000000 9.99903939e-01
10120.000000 9.98940922e-01
10130.000000 9.87605668e-01
10140.000000 9.63763208e-01
10150.000000 9.33957733e-01
10160.000000 8.97377522e-01
10170.000000 8.58876081e-01
10180.000000 8.22987512e-01
10190.000000 7.86625841e-01
10200.000000 7.54005764e-01
10210.000000 7.24262728e-01
10220.000000 6.97629683e-01
10230.000000 6.74181076e-01
10240.000000 6.50895773e-01
10250.000000 6.29776657e-01
10260.000000 6.12170989e-01
10270.000000 5.93575889e-01
10280.000000 5.75674832e-01
10290.000000 5.57257445e-01
10300.000000 5.38506244e-01
10310.000000 5.20002402e-01
10320.000000 5.01111912e-01
10330.000000 4.82322286e-01
10340.000000 4.62920269e-01
10350.000000 4.41954851e-01
10360.000000 4.22291066e-01
10370.000000 4.01241595e-01
10380.000000 3.81726705e-01
10390.000000 3.61330451e-01
10400.000000 3.40658021e-01
10410.000000 3.20977426e-01
10420.000000 3.01344861e-01
10430.000000 2.81356868e-01
10440.000000 2.62420749e-01
10450.000000 2.42963497e-01
10460.000000 2.24360231e-01
10470.000000 2.05666427e-01
10480.000000 1.87751681e-01
10490.000000 1.69969981e-01
10500.000000 1.52180596e-01
10510.000000 1.48592219e-01
10520.000000 1.44665946e-01
10530.000000 1.41013208e-01
10540.000000 1.37052113e-01
10550.000000 1.33373679e-01
10560.000000 1.29784822e-01
10570.000000 1.26162824e-01
10580.000000 1.22495677e-01
10590.000000 1.19186119e-01
10600.000000 1.15685639e-01
10610.000000 1.12556436e-01
10620.000000 1.09397214e-01
10630.000000 1.05970941e-01
10640.000000 1.02841499e-01
10650.000000 9.95141691e-02
10660.000000 9.63033141e-02
10670.000000 9.31601825e-02
10680.000000 9.00295389e-02
10690.000000 8.72646494e-02
10700.000000 8.44791066e-02
10710.000000 8.15811720e-02
10720.000000 7.87377522e-02
10730.000000 7.57216619e-02
10740.000000 7.24978386e-02
10750.000000 6.91371278e-02
10760.000000 6.56368876e-02
10770.000000 6.22267051e-02
10780.000000 5.92228626e-02
10790.000000 5.64454851e-02
10800.000000 5.43789625e-02
10810.000000 5.27403939e-02
10820.000000 5.17973103e-02
10830.000000 5.13251681e-02
10840.000000 5.08585495e-02
10850.000000 5.00893372e-02
10860.000000 4.77620077e-02
10870.000000 4.29303554e-02
10880.000000 3.56044669e-02
10890.000000 2.63321326e-02
10900.000000 1.81506964e-02
10910.000000 1.13301873e-02
10920.000000 7.02802594e-03
10930.000000 4.15482709e-03
10940.000000 2.56371278e-03
10950.000000 1.54046110e-03
10960.000000 9.72934678e-04
10970.000000 5.97293468e-04
10980.000000 3.84442843e-04
10990.000000 2.40005283e-04
