5812.000000 2.12728479e-04
5814.000000 2.71364735e-04
5816.000000 3.80099741e-04
5818.000000 5.28356934e-04
5820.000000 6.94880242e-04
5822.000000 9.29814929e-04
5824.000000 1.27167357e-03
5826.000000 1.71634678e-03
5828.000000 2.33232677e-03
5830.000000 3.13696917e-03
5832.000000 4.27592097e-03
5834.000000 5.94433387e-03
5836.000000 8.25322749e-03
5838.000000 1.16263659e-02
5840.000000 1.64574230e-02
5842.000000 2.35148202e-02
5844.000000 3.36885290e-02
5846.000000 4.83788194e-02
5848.000000 6.91110196e-02
5850.000000 9.78900251e-02
5852.000000 1.37670716e-01
5854.000000 1.90007549e-01
5856.000000 2.56331069e-01
5858.000000 3.36985946e-01
5860.000000 4.29258268e-01
5862.000000 5.30562228e-01
5864.000000 6.32968835e-01
5866.000000 7.28943335e-01
5868.000000 8.10994441e-01
5870.000000 8.75292628e-01
5872.000000 9.22090301e-01
5874.000000 9.52973562e-01
5876.000000 9.71938172e-01
5878.000000 9.82888386e-01
5880.000000 9.89026910e-01
5882.000000 9.92603268e-01
5884.000000 9.94357133e-01
5886.000000 9.95798351e-01
5888.000000 9.96980303e-01
5890.000000 9.97834359e-01
5892.000000 9.98772295e-01
5894.000000 9.99557721e-01
5896.000000 1.00000000e+00
5898.000000 9.99618725e-01
5900.000000 9.98818048e-01
5902.000000 9.96782040e-01
5904.000000 9.93541204e-01
5906.000000 9.88775269e-01
5908.000000 9.82057206e-01
5910.000000 9.71831416e-01
5912.000000 9.56542295e-01
5914.000000 9.33909821e-01
5916.000000 9.00441516e-01
5918.000000 8.52652529e-01
5920.000000 7.87858684e-01
5922.000000 7.05423253e-01
5924.000000 6.08693829e-01
5926.000000 5.02748229e-01
5928.000000 3.96952089e-01
5930.000000 3.00777038e-01
5932.000000 2.19530422e-01
5934.000000 1.55849900e-01
5936.000000 1.08473452e-01
5938.000000 7.47617414e-02
5940.000000 5.15291408e-02
5942.000000 3.55007282e-02
5944.000000 2.47160646e-02
5946.000000 1.76141346e-02
5948.000000 1.26288900e-02
5950.000000 9.19459505e-03
5952.000000 6.80924058e-03
5954.000000 5.05486545e-03
5956.000000 3.77918849e-03
5958.000000 2.88259785e-03
5960.000000 2.20020741e-03
5962.000000 1.67274419e-03
5964.000000 1.30042169e-03
5966.000000 1.01499935e-03
5968.000000 7.94485241e-04
5970.000000 5.73766004e-04
5972.000000 4.62327759e-04
5974.000000 3.31971420e-04
5976.000000 2.40239746e-04
5978.000000 2.21524489e-04
