0.42800000 2.06028683e-04
0.42900000 2.74238179e-04
0.43000000 3.42751140e-04
0.43080000 3.97773933e-04
0.43100000 4.31574219e-04
0.43120000 3.76029015e-04
0.43140000 4.68598809e-04
0.43160000 5.51289389e-04
0.43180000 5.51532293e-04
0.43200000 6.71423818e-04
0.43220000 7.98203174e-04
0.43240000 9.05533557e-04
0.43260000 1.26914451e-03
0.43280000 1.58433102e-03
0.43300000 2.11843410e-03
0.43320000 3.05507936e-03
0.43340000 4.36458923e-03
0.43360000 6.57178984e-03
0.43380000 1.04385585e-02
0.43400000 1.69685888e-02
0.43420000 2.81528965e-02
0.43440000 4.78304995e-02
0.43460000 7.96180082e-02
0.43480000 1.32339201e-01
0.43500000 2.15374505e-01
0.43520000 3.40568329e-01
0.43540000 5.17096463e-01
0.43560000 7.05630054e-01
0.43580000 8.60143746e-01
0.43600000 9.40964296e-01
0.43620000 9.68535587e-01
0.43640000 9.82840315e-01
0.43660000 9.93531428e-01
0.43680000 1.00000000e+00
0.43700000 9.93977307e-01
0.43720000 9.76045653e-01
0.43740000 9.53255915e-01
0.43760000 9.32665624e-01
0.43780000 9.12863940e-01
0.43800000 8.78102020e-01
0.43820000 7.94805843e-01
0.43840000 6.27740991e-01
0.43860000 4.20490467e-01
0.43880000 2.37345689e-01
0.43900000 1.27365987e-01
0.43920000 7.01693675e-02
0.43940000 3.91814461e-02
0.43960000 2.36522810e-02
0.43980000 1.48338602e-02
0.44000000 9.54576914e-03
0.44020000 6.63165075e-03
0.44040000 4.67943300e-03
0.44060000 3.34296077e-03
0.44080000 2.50319103e-03
0.44100000 1.86394703e-03
0.44120000 1.41774864e-03
0.44140000 1.25192161e-03
0.44160000 1.08595814e-03
0.44180000 8.14597544e-04
0.44200000 6.85798423e-04
0.44220000 5.97234885e-04
0.44240000 6.11749243e-04
0.44260000 4.42328553e-04
0.44280000 4.42508235e-04
0.44300000 4.08198849e-04
0.44320000 4.08361894e-04
0.44340000 4.08524939e-04
0.44360000 3.55967790e-04
0.44380000 2.69842944e-04
0.44400000 3.10239244e-04
0.44420000 2.70060560e-04
0.44500000 2.33278541e-04
