1140.000000 7.86155e-06
1150.000000 3.68879e-05
1160.000000 0.000105549
1170.000000 0.000218628
1180.000000 0.000372782
1190.000000 0.000511795
1200.000000 0.000665434
1210.000000 0.000819373
1216.000000 0.000871874
1220.000000 0.000913482
1230.000000 0.00100628
1240.000000 0.00108565
1250.000000 0.00112255
1260.000000 0.00114856
1270.000000 0.00102386
1280.000000 0.000886504
1290.000000 0.000807554
1300.000000 0.00072388
1310.000000 0.000625847
1320.000000 0.000525607
1330.000000 0.000400957
1340.000000 0.000275264
1350.000000 0.000229416
1354.000000 0.000211009
1360.000000 0.000183223
1370.000000 0.000159856
1380.000000 0.000154799
1390.000000 0.000149765
1400.000000 0.000144799
1410.000000 0.000139019
1420.000000 0.000133282
1430.000000 0.000127528
1440.000000 0.000121721
1450.000000 0.000115819
1460.000000 0.000109789
1470.000000 0.000103623
1480.000000 9.73025e-05
1487.000000 9.27634e-05
1490.000000 9.11671e-05
1500.000000 8.55532e-05
1510.000000 8.19788e-05
1520.000000 7.82024e-05
1530.000000 7.43224e-05
1540.000000 7.04163e-05
1545.000000 6.84846e-05
1550.000000 6.60814e-05
1560.000000 6.14846e-05
1570.000000 5.71865e-05
1580.000000 5.32078e-05
1590.000000 4.95711e-05
1600.000000 4.62799e-05
1610.000000 4.37076e-05
1620.000000 4.14412e-05
1630.000000 3.94596e-05
1640.000000 3.77414e-05
1648.000000 3.65632e-05
1650.000000 3.63033e-05
1660.000000 3.52194e-05
1670.000000 3.4311e-05
1680.000000 3.35389e-05
1690.000000 3.28676e-05
1700.000000 3.22641e-05
1710.000000 3.20979e-05
1720.000000 3.19715e-05
1730.000000 3.1862e-05
1740.000000 3.1753e-05
1750.000000 3.16275e-05
1760.000000 3.11921e-05
1770.000000 3.07242e-05
1780.000000 3.02205e-05
1790.000000 2.96766e-05
1800.000000 2.90907e-05
1810.000000 2.89837e-05
1820.000000 2.88554e-05
1830.000000 2.87032e-05
1840.000000 2.85254e-05
1850.000000 2.83192e-05
1860.000000 2.80832e-05
1870.000000 2.78157e-05
1879.000000 2.75462e-05
1880.000000 2.75026e-05
1890.000000 2.70529e-05
1900.000000 2.65672e-05
1910.000000 2.62756e-05
1920.000000 2.59556e-05
1930.000000 2.56044e-05
1940.000000 2.52219e-05
1950.000000 2.48046e-05
1960.000000 2.43532e-05
1970.000000 2.38635e-05
1980.000000 2.33361e-05
1990.000000 2.27681e-05
2000.000000 2.24025e-05
2010.000000 2.21634e-05
2020.000000 2.18484e-05
2030.000000 2.17329e-05
2040.000000 2.14221e-05
2050.000000 2.11987e-05
2060.000000 2.09099e-05
2070.000000 2.07635e-05
2080.000000 2.04373e-05
2090.000000 2.02436e-05
2100.000000 1.9896e-05
2110.000000 1.96353e-05
2120.000000 1.93587e-05
2130.000000 1.90835e-05
2138.000000 1.87337e-05
2140.000000 1.86496e-05
2150.000000 1.85222e-05
2160.000000 1.8151e-05
2170.000000 1.78604e-05
2180.000000 1.74744e-05
2190.000000 1.7113e-05
2200.000000 1.67164e-05
2210.000000 1.68956e-05
2220.000000 1.69655e-05
2230.000000 1.70327e-05
2240.000000 1.70544e-05
2250.000000 1.70309e-05
2260.000000 1.70122e-05
2270.000000 1.70566e-05
2280.000000 1.6906e-05
2290.000000 1.68248e-05
2296.000000 1.67253e-05
2300.000000 1.66641e-05
2310.000000 1.67457e-05
2320.000000 1.65365e-05
2330.000000 1.65048e-05
2340.000000 1.64158e-05
2350.000000 1.62674e-05
2360.000000 1.61224e-05
2370.000000 1.60836e-05
2380.000000 1.59881e-05
2390.000000 1.58342e-05
2400.000000 1.56906e-05
2410.000000 1.55596e-05
2420.000000 1.54075e-05
2430.000000 1.52725e-05
2440.000000 1.51189e-05
2450.000000 1.50263e-05
2460.000000 1.48399e-05
2470.000000 1.46376e-05
2480.000000 1.45432e-05
2490.000000 1.43131e-05
2500.000000 1.41968e-05
2510.000000 1.4071e-05
2520.000000 1.3893e-05
2530.000000 1.38375e-05
2537.000000 1.36702e-05
2540.000000 1.35637e-05
2550.000000 1.33401e-05
2560.000000 1.32032e-05
2570.000000 1.29256e-05
2580.000000 1.27821e-05
2590.000000 1.24971e-05
2600.000000 1.23481e-05
2610.000000 1.2197e-05
2620.000000 1.2044e-05
2630.000000 1.17453e-05
2640.000000 1.17306e-05
2650.000000 1.14728e-05
2660.000000 1.14058e-05
2670.000000 1.11407e-05
2680.000000 1.10682e-05
2690.000000 1.0944e-05
2700.000000 1.07666e-05
2710.000000 1.07548e-05
2720.000000 1.06372e-05
2730.000000 1.05661e-05
2740.000000 1.04902e-05
2750.000000 1.0463e-05
2760.000000 1.02807e-05
2770.000000 1.00966e-05
2780.000000 9.96487e-06
2790.000000 9.93945e-06
2800.000000 9.6963e-06
2810.000000 9.55958e-06
2820.000000 9.36665e-06
2830.000000 9.28094e-06
2840.000000 9.1942e-06
2850.000000 9.10592e-06
2860.000000 8.90678e-06
2870.000000 8.70605e-06
2880.000000 8.614e-06
2890.000000 8.46592e-06
2900.000000 8.37189e-06
2910.000000 8.21961e-06
2920.000000 8.06762e-06
2930.000000 7.80706e-06
2940.000000 7.6024e-06
2950.000000 7.50736e-06
2960.000000 7.41206e-06
2970.000000 7.26386e-06
2980.000000 7.11637e-06
2990.000000 7.02238e-06
3000.000000 6.77145e-06
3010.000000 6.6791e-06
3020.000000 6.4835e-06
3030.000000 6.34099e-06
3040.000000 6.09693e-06
3050.000000 6.00802e-06
3060.000000 5.91945e-06
3070.000000 5.78111e-06
3080.000000 5.64396e-06
3090.000000 5.45818e-06
3100.000000 5.57001e-06
3110.000000 5.45151e-06
3120.000000 5.38131e-06
3130.000000 5.36021e-06
3140.000000 5.28813e-06
3150.000000 5.26587e-06
3160.000000 5.19207e-06
3170.000000 5.11726e-06
3180.000000 4.98988e-06
3190.000000 5.01625e-06
3200.000000 4.99057e-06
3210.000000 5.06889e-06
3220.000000 4.88541e-06
3230.000000 4.91085e-06
3240.000000 4.83021e-06
3250.000000 4.64204e-06
3260.000000 4.71971e-06
3270.000000 4.7441e-06
3280.000000 4.55204e-06
3290.000000 4.7389e-06
3300.000000 4.7087e-06
3310.000000 4.73304e-06
3320.000000 4.64684e-06
3330.000000 4.44842e-06
3340.000000 4.52737e-06
3350.000000 4.43846e-06
3360.000000 4.46142e-06
3370.000000 4.37096e-06
3380.000000 4.33659e-06
3390.000000 4.18707e-06
3400.000000 4.26657e-06
3410.000000 4.23088e-06
3420.000000 4.25294e-06
3430.000000 4.27525e-06
3440.000000 4.23891e-06
3450.000000 4.14292e-06
3460.000000 4.22437e-06
3470.000000 4.12716e-06
3480.000000 4.14917e-06
3490.000000 4.05053e-06
3500.000000 4.0115e-06
3510.000000 3.97208e-06
3520.000000 4.0551e-06
3530.000000 3.9536e-06
3540.000000 3.97534e-06
3550.000000 3.99705e-06
3560.000000 3.83066e-06
3570.000000 3.91497e-06
3580.000000 3.87309e-06
3590.000000 3.76693e-06
3600.000000 3.85201e-06
3610.000000 3.67984e-06
3620.000000 3.70022e-06
3630.000000 3.65568e-06
3640.000000 3.80729e-06
3650.000000 3.76242e-06
3660.000000 3.65069e-06
3670.000000 3.67104e-06
3680.000000 3.75858e-06
3690.000000 3.71198e-06
3700.000000 3.66473e-06
3710.000000 3.6168e-06
3720.000000 3.6368e-06
3730.000000 3.51891e-06
3740.000000 3.60767e-06
3750.000000 3.48802e-06
3760.000000 3.50717e-06
3770.000000 3.52629e-06
3780.000000 3.54556e-06
3790.000000 3.49351e-06
3800.000000 3.51231e-06
3810.000000 3.53128e-06
3820.000000 3.55017e-06
3830.000000 3.42335e-06
3840.000000 3.36828e-06
3850.000000 3.53327e-06
3860.000000 3.47777e-06
3870.000000 3.4958e-06
3880.000000 3.36437e-06
3890.000000 3.38161e-06
3900.000000 3.32336e-06
3910.000000 3.41607e-06
3920.000000 3.3569e-06
3930.000000 3.37355e-06
3940.000000 3.31317e-06
3950.000000 3.32928e-06
3960.000000 3.34539e-06
3970.000000 3.28314e-06
3980.000000 3.29869e-06
3990.000000 3.23525e-06
4000.000000 3.32939e-06
4010.000000 3.24883e-06
4020.000000 3.24737e-06
4030.000000 3.08746e-06
4040.000000 3.1649e-06
4050.000000 3.16304e-06
4060.000000 3.08201e-06
4070.000000 3.00096e-06
4080.000000 3.07768e-06
4090.000000 2.99647e-06
4100.000000 2.99413e-06
4110.000000 3.07027e-06
4120.000000 2.9103e-06
4130.000000 2.90756e-06
4140.000000 2.98327e-06
4150.000000 2.90195e-06
4160.000000 2.82059e-06
4170.000000 2.89588e-06
4180.000000 2.89269e-06
4190.000000 2.73332e-06
4200.000000 2.80817e-06
4210.000000 2.73686e-06
4220.000000 2.66518e-06
4230.000000 2.75015e-06
4240.000000 2.75673e-06
4250.000000 2.76322e-06
4260.000000 2.7697e-06
4270.000000 2.69678e-06
4280.000000 2.70298e-06
4290.000000 2.70908e-06
4300.000000 2.63533e-06
4310.000000 2.64116e-06
4320.000000 2.64699e-06
4330.000000 2.65282e-06
4340.000000 2.65862e-06
4350.000000 2.58361e-06
4360.000000 2.5082e-06
4370.000000 2.67571e-06
4380.000000 2.60009e-06
4390.000000 2.52412e-06
4400.000000 2.44775e-06
4410.000000 2.5346e-06
4420.000000 2.45788e-06
4430.000000 2.54499e-06
4440.000000 2.55009e-06
4450.000000 2.47286e-06
4460.000000 2.56037e-06
4470.000000 2.48272e-06
4480.000000 2.48765e-06
4490.000000 2.49256e-06
4500.000000 2.331e-06
4510.000000 2.35436e-06
4520.000000 2.46256e-06
4530.000000 2.40105e-06
4540.000000 2.59751e-06
4550.000000 2.44768e-06
4560.000000 2.38285e-06
4570.000000 2.49445e-06
4580.000000 2.51781e-06
4590.000000 2.63193e-06
4600.000000 2.65614e-06
4610.000000 2.58794e-06
4620.000000 2.61135e-06
4630.000000 2.63468e-06
4640.000000 2.65809e-06
4650.000000 2.58576e-06
4660.000000 2.60835e-06
4670.000000 2.53344e-06
4680.000000 2.45698e-06
4690.000000 2.77524e-06
4700.000000 2.59874e-06
4710.000000 2.51977e-06
4720.000000 2.64231e-06
4730.000000 2.76657e-06
4740.000000 2.58259e-06
4750.000000 2.70771e-06
4760.000000 2.62452e-06
4770.000000 2.64552e-06
4780.000000 2.55992e-06
4790.000000 2.68752e-06
4800.000000 2.60024e-06
4810.000000 2.72963e-06
4820.000000 2.7506e-06
4830.000000 2.66082e-06
4840.000000 2.68107e-06
4850.000000 2.81385e-06
4860.000000 2.72147e-06
4870.000000 2.74174e-06
4880.000000 2.76199e-06
4890.000000 2.66637e-06
4900.000000 2.80256e-06
4910.000000 2.70534e-06
4920.000000 2.84324e-06
4930.000000 2.74425e-06
4940.000000 2.76374e-06
4950.000000 3.02528e-06
4960.000000 2.80284e-06
4970.000000 2.69967e-06
4980.000000 3.08901e-06
4990.000000 2.61271e-06
5000.000000 2.75589e-06
5010.000000 3.03104e-06
5020.000000 2.80112e-06
5030.000000 2.95215e-06
5040.000000 2.58774e-06
5050.000000 2.86924e-06
5060.000000 3.02335e-06
5070.000000 3.04715e-06
5080.000000 3.07095e-06
5090.000000 2.96014e-06
5100.000000 2.98294e-06
5110.000000 3.00575e-06
5120.000000 3.02858e-06
5130.000000 3.05141e-06
5140.000000 3.07417e-06
5150.000000 3.09701e-06
5160.000000 2.97809e-06
5170.000000 3.14277e-06
5180.000000 3.16565e-06
5190.000000 3.04355e-06
5200.000000 3.21136e-06
5210.000000 3.08719e-06
5220.000000 3.10909e-06
5230.000000 3.27998e-06
5240.000000 3.30282e-06
5250.000000 3.17453e-06
5260.000000 3.19644e-06
5270.000000 3.06497e-06
5280.000000 3.24004e-06
5290.000000 3.1066e-06
5300.000000 3.28367e-06
5310.000000 3.14805e-06
5320.000000 3.0105e-06
5330.000000 3.34905e-06
5340.000000 3.37083e-06
5350.000000 3.23112e-06
5360.000000 3.41435e-06
5370.000000 3.27245e-06
5380.000000 3.12842e-06
5390.000000 3.31375e-06
5400.000000 3.33433e-06
5410.000000 3.18722e-06
5420.000000 3.37556e-06
5430.000000 3.39607e-06
5440.000000 3.41658e-06
5450.000000 3.43708e-06
5460.000000 3.28461e-06
5470.000000 3.13016e-06
5480.000000 3.49822e-06
5490.000000 3.51851e-06
5500.000000 3.3619e-06
5510.000000 3.37979e-06
5520.000000 3.21891e-06
5530.000000 3.59533e-06
5540.000000 3.43334e-06
5550.000000 3.45099e-06
5560.000000 3.65124e-06
5570.000000 3.48628e-06
5580.000000 3.31946e-06
5590.000000 3.33602e-06
5600.000000 3.53874e-06
5610.000000 3.17528e-06
5620.000000 3.5588e-06
5630.000000 3.38089e-06
5640.000000 3.39026e-06
5650.000000 3.58843e-06
5660.000000 3.40892e-06
5670.000000 3.41824e-06
5680.000000 3.42739e-06
5690.000000 3.05485e-06
5700.000000 3.63721e-06
5710.000000 3.64688e-06
5720.000000 3.65645e-06
5730.000000 3.08728e-06
5740.000000 3.09545e-06
5750.000000 3.68522e-06
5760.000000 3.50037e-06
5770.000000 3.70434e-06
5780.000000 3.32288e-06
5790.000000 3.33141e-06
5800.000000 3.53627e-06
5810.000000 3.74216e-06
5820.000000 3.35667e-06
5830.000000 3.56305e-06
5840.000000 3.57185e-06
5850.000000 3.38187e-06
5860.000000 3.58956e-06
5870.000000 3.59844e-06
5880.000000 3.60731e-06
5890.000000 3.81699e-06
5900.000000 3.62491e-06
5910.000000 3.43187e-06
5920.000000 3.64262e-06
5930.000000 3.85418e-06
5940.000000 3.66019e-06
5950.000000 3.66902e-06
5960.000000 3.88211e-06
5970.000000 3.89147e-06
5980.000000 3.6954e-06
5990.000000 3.49848e-06
6000.000000 3.71308e-06
6010.000000 3.92064e-06
6020.000000 3.92202e-06
6030.000000 3.51044e-06
6040.000000 3.51168e-06
6050.000000 3.71949e-06
6060.000000 3.51418e-06
6070.000000 3.51538e-06
6080.000000 3.72352e-06
6090.000000 3.93174e-06
6100.000000 3.31219e-06
6110.000000 3.93455e-06
6120.000000 3.72877e-06
6130.000000 3.52286e-06
6140.000000 3.52406e-06
6150.000000 3.52537e-06
6160.000000 3.52658e-06
6170.000000 3.73525e-06
6180.000000 3.73647e-06
6190.000000 3.53006e-06
6200.000000 3.53121e-06
6210.000000 3.53233e-06
6220.000000 3.32555e-06
6230.000000 3.5345e-06
6240.000000 3.53548e-06
6250.000000 3.3286e-06
6260.000000 3.74568e-06
6270.000000 3.33035e-06
6280.000000 3.53945e-06
6290.000000 3.5403e-06
6300.000000 3.33284e-06
6310.000000 3.12534e-06
6320.000000 3.75112e-06
6330.000000 3.54347e-06
6340.000000 3.54416e-06
6350.000000 3.33627e-06
6360.000000 3.33683e-06
6370.000000 3.3373e-06
6380.000000 3.54631e-06
6390.000000 3.33819e-06
6400.000000 3.54713e-06
6410.000000 3.33872e-06
6420.000000 3.33897e-06
6430.000000 3.54775e-06
6440.000000 3.54786e-06
6450.000000 3.54784e-06
6460.000000 3.33918e-06
6470.000000 3.54763e-06
6480.000000 3.54738e-06
6490.000000 3.33852e-06
6500.000000 3.54672e-06
6510.000000 3.74545e-06
6520.000000 3.32048e-06
6530.000000 3.51846e-06
6540.000000 3.30247e-06
6550.000000 3.29345e-06
6560.000000 3.28436e-06
6570.000000 3.47996e-06
6580.000000 3.67421e-06
6590.000000 3.86739e-06
6600.000000 3.45048e-06
6610.000000 3.44052e-06
6620.000000 3.22874e-06
6630.000000 3.4206e-06
6640.000000 3.4105e-06
6650.000000 3.4005e-06
6660.000000 2.9915e-06
6670.000000 3.38029e-06
6680.000000 3.37015e-06
6690.000000 3.36003e-06
6700.000000 3.34982e-06
6710.000000 3.33962e-06
6720.000000 3.32944e-06
6730.000000 3.31931e-06
6740.000000 3.50369e-06
6750.000000 3.49285e-06
6760.000000 3.09519e-06
6770.000000 3.27833e-06
6780.000000 3.26814e-06
6790.000000 3.06628e-06
6800.000000 3.43869e-06
6810.000000 3.23748e-06
6820.000000 3.41709e-06
6830.000000 3.2171e-06
6840.000000 3.20696e-06
6850.000000 3.38485e-06
6860.000000 3.37412e-06
6870.000000 3.1765e-06
6880.000000 3.16641e-06
6890.000000 2.97072e-06
6900.000000 3.14634e-06
6910.000000 3.13623e-06
6920.000000 3.12623e-06
6930.000000 3.11628e-06
6940.000000 3.28913e-06
6950.000000 3.27863e-06
6960.000000 3.44966e-06
6970.000000 3.25774e-06
6980.000000 3.24739e-06
6990.000000 3.23707e-06
7000.000000 3.22676e-06
7010.000000 3.21131e-06
7020.000000 3.37332e-06
7030.000000 3.00375e-06
7040.000000 2.98942e-06
7050.000000 3.32499e-06
7060.000000 3.13492e-06
7070.000000 3.11989e-06
7080.000000 3.10491e-06
7090.000000 3.09e-06
7100.000000 3.24603e-06
7110.000000 3.06049e-06
7120.000000 3.21501e-06
7130.000000 3.19956e-06
7140.000000 3.01671e-06
7150.000000 3.16895e-06
7160.000000 2.98782e-06
7170.000000 3.13867e-06
7180.000000 3.1237e-06
7190.000000 3.10867e-06
7200.000000 2.931e-06
7210.000000 3.07898e-06
7220.000000 2.90296e-06
7230.000000 2.88913e-06
7240.000000 3.19467e-06
7250.000000 3.02044e-06
7260.000000 3.00599e-06
7270.000000 3.14899e-06
7280.000000 2.97728e-06
7290.000000 2.96297e-06
7300.000000 2.94881e-06
7310.000000 3.08913e-06
7320.000000 3.22812e-06
7330.000000 3.2126e-06
7340.000000 3.04501e-06
7350.000000 3.03044e-06
7360.000000 3.01591e-06
7370.000000 3.00155e-06
7380.000000 3.13647e-06
7390.000000 3.12148e-06
7400.000000 3.10654e-06
7410.000000 3.09176e-06
7420.000000 3.22341e-06
7430.000000 3.06223e-06
7440.000000 3.19279e-06
7450.000000 3.0331e-06
7460.000000 3.16237e-06
7470.000000 3.00425e-06
7480.000000 3.13227e-06
7490.000000 3.1173e-06
7500.000000 3.24348e-06
7510.000000 3.22805e-06
7520.000000 3.21265e-06
7530.000000 3.19732e-06
7540.000000 3.32033e-06
7550.000000 3.16672e-06
7560.000000 3.15151e-06
7570.000000 3.27267e-06
7580.000000 3.25686e-06
7590.000000 3.2411e-06
7600.000000 3.22539e-06
7610.000000 3.34344e-06
7620.000000 3.32714e-06
7630.000000 3.1785e-06
7640.000000 3.55828e-06
7650.000000 3.40969e-06
7660.000000 3.26247e-06
7670.000000 3.37625e-06
7680.000000 3.2304e-06
7690.000000 3.47157e-06
7700.000000 3.45438e-06
7710.000000 3.43723e-06
7720.000000 3.42014e-06
7730.000000 3.40311e-06
7740.000000 3.51151e-06
7750.000000 3.49395e-06
7760.000000 3.60057e-06
7770.000000 3.58247e-06
7780.000000 3.44154e-06
7790.000000 3.42419e-06
7800.000000 3.65021e-06
7810.000000 3.51069e-06
7820.000000 3.61331e-06
7830.000000 3.59495e-06
7840.000000 3.69585e-06
7850.000000 3.67701e-06
7860.000000 3.8942e-06
7870.000000 3.63947e-06
7880.000000 3.7376e-06
7890.000000 3.95076e-06
7900.000000 3.81483e-06
7910.000000 3.79516e-06
7920.000000 3.88996e-06
7930.000000 3.98363e-06
7940.000000 3.96297e-06
7950.000000 3.9424e-06
7960.000000 4.14598e-06
7970.000000 3.90145e-06
7980.000000 3.88108e-06
7990.000000 3.75052e-06
8000.000000 4.1698e-06
8010.000000 4.35687e-06
8020.000000 4.10838e-06
8030.000000 4.07784e-06
8040.000000 4.1539e-06
8050.000000 4.22847e-06
8060.000000 4.30152e-06
8070.000000 4.16489e-06
8080.000000 4.23659e-06
8090.000000 4.40934e-06
8100.000000 4.17208e-06
8110.000000 4.44287e-06
8120.000000 4.30837e-06
8130.000000 4.37435e-06
8140.000000 4.43888e-06
8150.000000 4.4041e-06
8160.000000 4.0782e-06
8170.000000 4.33497e-06
8180.000000 4.39613e-06
8190.000000 4.36109e-06
8200.000000 4.42019e-06
8210.000000 4.29135e-06
8220.000000 4.3492e-06
8230.000000 4.49745e-06
8240.000000 4.64281e-06
8250.000000 4.42419e-06
8260.000000 4.47729e-06
8270.000000 4.52905e-06
8280.000000 4.57944e-06
8290.000000 4.54119e-06
8300.000000 4.67623e-06
8310.000000 4.46504e-06
8320.000000 4.34207e-06
8330.000000 4.55828e-06
8340.000000 4.43557e-06
8350.000000 4.48036e-06
8360.000000 4.54696e-06
8370.000000 4.69517e-06
8380.000000 4.59586e-06
8390.000000 4.74229e-06
8400.000000 4.80587e-06
8410.000000 4.70642e-06
8420.000000 4.76908e-06
8430.000000 4.66995e-06
8440.000000 4.57131e-06
8450.000000 4.71277e-06
8460.000000 4.69368e-06
8470.000000 4.51601e-06
8480.000000 4.57616e-06
8490.000000 4.47847e-06
8500.000000 5.71112e-06
8510.000000 5.99708e-06
8520.000000 5.50471e-06
8530.000000 4.93922e-06
8540.000000 5.53081e-06
8550.000000 5.12253e-06
8560.000000 5.63079e-06
8570.000000 5.37648e-06
8580.000000 5.35025e-06
8590.000000 5.77373e-06
8600.000000 6.49095e-06
8610.000000 6.08695e-06
8620.000000 5.76035e-06
8630.000000 5.73047e-06
8640.000000 5.5542e-06
8650.000000 6.32429e-06
8660.000000 6.0722e-06
8670.000000 5.75045e-06
8680.000000 5.64617e-06
8690.000000 4.54771e-06
8700.000000 5.43948e-06
8710.000000 5.05618e-06
8720.000000 4.53727e-06
8730.000000 4.37101e-06
8740.000000 5.58538e-06
8750.000000 5.48215e-06
8760.000000 5.0391e-06
8770.000000 4.53337e-06
8780.000000 4.50413e-06
8790.000000 4.94223e-06
8800.000000 4.97589e-06
8810.000000 4.81077e-06
8820.000000 4.31996e-06
8830.000000 4.29028e-06
8840.000000 4.58319e-06
8850.000000 4.87137e-06
8860.000000 4.7093e-06
8870.000000 4.67523e-06
8880.000000 4.57825e-06
8890.000000 4.6065e-06
8900.000000 4.88073e-06
8910.000000 4.96613e-06
8920.000000 4.44105e-06
8930.000000 4.34589e-06
8940.000000 4.31138e-06
8950.000000 4.45486e-06
8960.000000 4.241e-06
8970.000000 4.26355e-06
8980.000000 4.45864e-06
8990.000000 4.36251e-06
9000.000000 4.2103e-06
9010.000000 4.1763e-06
9020.000000 4.03017e-06
9030.000000 4.32981e-06
9040.000000 3.96316e-06
9050.000000 3.98397e-06
9060.000000 3.84136e-06
9070.000000 3.80773e-06
9080.000000 3.66763e-06
9090.000000 3.68729e-06
9100.000000 3.65364e-06
9110.000000 3.72324e-06
9120.000000 3.68827e-06
9130.000000 3.45019e-06
9140.000000 3.31635e-06
9150.000000 3.43309e-06
9160.000000 3.5467e-06
9170.000000 3.4621e-06
9180.000000 3.37834e-06
9190.000000 3.29541e-06
9200.000000 3.30783e-06
9210.000000 3.13207e-06
9220.000000 3.14416e-06
9230.000000 3.15505e-06
9240.000000 3.02912e-06
9250.000000 2.99448e-06
9260.000000 3.04754e-06
9270.000000 2.96742e-06
9280.000000 3.10375e-06
9290.000000 3.1505e-06
9300.000000 2.85863e-06
9310.000000 2.82206e-06
9320.000000 2.82629e-06
9330.000000 2.62719e-06
9340.000000 2.47216e-06
9350.000000 2.32027e-06
9360.000000 2.40419e-06
9370.000000 2.40821e-06
9380.000000 2.48632e-06
9390.000000 2.41249e-06
9400.000000 2.55897e-06
9410.000000 2.23174e-06
9420.000000 2.26768e-06
9430.000000 2.16175e-06
9440.000000 2.19514e-06
9450.000000 2.12491e-06
9460.000000 2.08884e-06
9470.000000 2.02004e-06
9480.000000 2.08026e-06
9490.000000 1.97974e-06
9500.000000 2.00476e-06
9510.000000 1.97557e-06
9520.000000 1.94646e-06
9530.000000 1.85843e-06
9540.000000 1.85941e-06
9550.000000 1.74515e-06
9560.000000 1.74629e-06
9570.000000 1.82978e-06
9580.000000 1.69156e-06
9590.000000 1.58378e-06
9600.000000 1.61073e-06
9610.000000 1.61004e-06
9620.000000 1.58302e-06
9630.000000 1.58117e-06
9640.000000 1.62786e-06
9650.000000 1.45395e-06
9660.000000 1.38049e-06
9670.000000 1.40232e-06
9680.000000 1.30778e-06
9690.000000 1.21589e-06
9700.000000 1.30335e-06
9710.000000 1.29996e-06
9720.000000 1.21084e-06
9730.000000 1.16596e-06
9740.000000 1.16281e-06
9750.000000 1.11892e-06
9760.000000 1.07538e-06
9770.000000 1.10929e-06
9780.000000 1.02855e-06
9790.000000 1.00527e-06
9800.000000 9.82086e-07
9810.000000 9.41561e-07
9820.000000 9.87059e-07
9830.000000 8.633e-07
9840.000000 9.22678e-07
9850.000000 8.67597e-07
9860.000000 9.21805e-07
9870.000000 8.67337e-07
9880.000000 8.00059e-07
9890.000000 7.63601e-07
9900.000000 7.41784e-07
9910.000000 7.86738e-07
9920.000000 7.24311e-07
9930.000000 7.01988e-07
9940.000000 6.67629e-07
9950.000000 6.57648e-07
9960.000000 6.81033e-07
9970.000000 6.68512e-07
9980.000000 5.91904e-07
9990.000000 5.60013e-07
10000.000000 5.28997e-07
10010.000000 5.07588e-07
10020.000000 4.67993e-07
10030.000000 4.84656e-07
10040.000000 4.91198e-07
10050.000000 4.53396e-07
10060.000000 4.16955e-07
10070.000000 4.56569e-07
10080.000000 4.20944e-07
10090.000000 4.10319e-07
10100.000000 3.92102e-07
10110.000000 3.51919e-07
10120.000000 3.49866e-07
10130.000000 3.12046e-07
10140.000000 3.17256e-07
10150.000000 3.21775e-07
10160.000000 3.19102e-07
10170.000000 3.22461e-07
10180.000000 3.1289e-07
10190.000000 2.67718e-07
10200.000000 2.5944e-07
10210.000000 2.67995e-07
10220.000000 2.64747e-07
10230.000000 2.66454e-07
10240.000000 2.92788e-07
10250.000000 2.43669e-07
10260.000000 2.30327e-07
