0.11200000 2.53007653e-04
0.11300000 1.98915816e-03
0.11400000 7.74155612e-03
0.11500000 2.01804847e-02
0.11600000 5.57996173e-02
0.11700000 1.18684949e-01
0.11800000 2.05899235e-01
0.11900000 2.99297194e-01
0.12000000 4.06698980e-01
0.12100000 4.74283163e-01
0.12160000 5.09780612e-01
0.12200000 5.37628827e-01
0.12300000 5.98577806e-01
0.12400000 6.52368622e-01
0.12500000 6.99850765e-01
0.12600000 7.42441327e-01
0.12700000 7.80628827e-01
0.12800000 8.14758929e-01
0.12900000 8.45488520e-01
0.13000000 8.73614796e-01
0.13100000 8.91591837e-01
0.13200000 9.08026786e-01
0.13300000 9.23154337e-01
0.13400000 9.37021684e-01
0.13500000 9.49934949e-01
0.13540000 9.54807398e-01
0.13600000 9.61098214e-01
0.13700000 9.71043367e-01
0.13800000 9.80677296e-01
0.13900000 9.90183673e-01
0.14000000 9.99880102e-01
0.14100000 9.95927296e-01
0.14200000 9.92096939e-01
0.14300000 9.87945153e-01
0.14400000 9.83139031e-01
0.14500000 9.77221939e-01
0.14600000 9.69755102e-01
0.14700000 9.60422194e-01
0.14800000 9.48775510e-01
0.14870000 9.38799745e-01
0.14900000 9.37901786e-01
0.15000000 9.31586735e-01
0.15100000 9.07130102e-01
0.15200000 8.79950255e-01
0.15300000 8.51024235e-01
0.15400000 8.21144133e-01
0.15450000 8.06181122e-01
0.15500000 7.85426020e-01
0.15600000 7.45517857e-01
0.15700000 7.08063776e-01
0.15800000 6.73418367e-01
0.15900000 6.42029337e-01
0.16000000 6.14136480e-01
0.16100000 5.83752551e-01
0.16200000 5.57267857e-01
0.16300000 5.34469388e-01
0.16400000 5.15132653e-01
0.16480000 5.02298469e-01
0.16500000 4.99563776e-01
0.16600000 4.88880102e-01
0.16700000 4.80715561e-01
0.16800000 4.74593112e-01
0.16900000 4.70084184e-01
0.17000000 4.66780612e-01
0.17100000 4.67783163e-01
0.17200000 4.69567602e-01
0.17300000 4.71827806e-01
0.17400000 4.74353316e-01
0.17500000 4.76914541e-01
0.17600000 4.75070153e-01
0.17700000 4.72978316e-01
0.17800000 4.70603316e-01
0.17900000 4.67889031e-01
0.18000000 4.64825255e-01
0.18100000 4.50698980e-01
0.18200000 4.35570153e-01
0.18300000 4.19363520e-01
0.18400000 4.02022959e-01
0.18500000 3.83470663e-01
0.18600000 3.63650510e-01
0.18700000 3.42501276e-01
0.18790000 3.22272959e-01
0.18800000 3.19813776e-01
0.18900000 2.94579082e-01
0.19000000 2.68007653e-01
0.19100000 2.57280612e-01
0.19200000 2.45911990e-01
0.19300000 2.33860969e-01
0.19400000 2.21117347e-01
0.19500000 2.07636480e-01
0.19600000 1.93415816e-01
0.19700000 1.78406888e-01
0.19800000 1.62610969e-01
0.19900000 1.45992347e-01
0.20000000 1.25815179e-01
0.20100000 1.15429337e-01
0.20200000 1.00230867e-01
0.20300000 8.55880102e-02
0.20400000 7.30556122e-02
0.20500000 6.28285714e-02
0.20600000 5.66385204e-02
0.20700000 4.53993622e-02
0.20800000 3.52015306e-02
0.20900000 2.94176020e-02
0.21000000 2.00169643e-02
0.21100000 1.36103316e-02
0.21200000 7.88395408e-03
0.21300000 5.09178571e-03
0.21380000 3.73613520e-03
0.21400000 3.39228316e-03
0.21500000 2.32338010e-03
0.21600000 1.62799745e-03
0.21700000 1.16356633e-03
0.21800000 8.46075255e-04
0.21900000 6.24632653e-04
0.22000000 4.67363520e-04
0.22100000 3.64367347e-04
0.22200000 2.87007653e-04
0.22300000 2.28191327e-04
