1920.000000 4.87863359e-04
1930.000000 8.92454308e-04
1940.000000 1.04445170e-03
1950.000000 1.20270888e-03
1960.000000 1.34008703e-03
1970.000000 1.48269582e-03
1980.000000 1.62090078e-03
1990.000000 1.76404917e-03
2000.000000 2.01385988e-03
2010.000000 2.28209312e-03
2020.000000 2.51294604e-03
2030.000000 2.75282855e-03
2040.000000 3.23748912e-03
2050.000000 3.74238468e-03
2060.000000 4.30287206e-03
2070.000000 4.88453003e-03
2080.000000 5.57615318e-03
2090.000000 6.29173194e-03
2100.000000 7.26764578e-03
2110.000000 8.27504352e-03
2120.000000 9.47946040e-03
2130.000000 1.07169495e-02
2138.000000 1.19473020e-02
2140.000000 1.22634465e-02
2150.000000 1.38634247e-02
2160.000000 1.60228242e-02
2170.000000 1.82295039e-02
2180.000000 2.10340078e-02
2190.000000 2.38840296e-02
2200.000000 2.76483899e-02
2210.000000 3.23833768e-02
2220.000000 3.88322454e-02
2230.000000 4.56470844e-02
2240.000000 5.47793734e-02
2250.000000 6.43905570e-02
2260.000000 7.74943429e-02
2270.000000 9.12371628e-02
2280.000000 1.09830940e-01
2290.000000 1.29283943e-01
2296.000000 1.45258486e-01
2300.000000 1.56259356e-01
2310.000000 1.84644909e-01
2320.000000 2.21429504e-01
2330.000000 2.59830287e-01
2340.000000 3.08009138e-01
2350.000000 3.58157093e-01
2360.000000 4.15685379e-01
2370.000000 4.75339426e-01
2380.000000 5.36860313e-01
2390.000000 6.00400348e-01
2400.000000 6.57534813e-01
2410.000000 7.16211923e-01
2420.000000 7.63141862e-01
2430.000000 8.11081375e-01
2440.000000 8.45330722e-01
2450.000000 8.80121845e-01
2460.000000 9.03265883e-01
2470.000000 9.26586162e-01
2480.000000 9.42399913e-01
2490.000000 9.58228895e-01
2500.000000 9.68840296e-01
2510.000000 9.79377720e-01
2520.000000 9.87684943e-01
2530.000000 9.95889904e-01
2537.000000 1.00003264e+00
2540.000000 9.99349434e-01
2550.000000 9.96979983e-01
2560.000000 9.93013490e-01
2570.000000 9.88890339e-01
2580.000000 9.82845953e-01
2590.000000 9.76703655e-01
2600.000000 9.67734987e-01
2610.000000 9.58633594e-01
2620.000000 9.47500000e-01
2630.000000 9.36183638e-01
2640.000000 9.21834204e-01
2650.000000 9.07201915e-01
2660.000000 8.90879025e-01
2670.000000 8.74258050e-01
2680.000000 8.53896867e-01
2690.000000 8.33191906e-01
2700.000000 8.11135770e-01
2710.000000 7.93755440e-01
2720.000000 7.74323325e-01
2730.000000 7.54201480e-01
2740.000000 7.32056136e-01
2750.000000 7.09155788e-01
2760.000000 6.77813316e-01
2770.000000 6.46235857e-01
2780.000000 6.13413838e-01
2790.000000 5.80343777e-01
2800.000000 5.47193211e-01
2810.000000 5.13812010e-01
2820.000000 4.80258921e-01
2830.000000 4.46483899e-01
2840.000000 4.14214534e-01
2850.000000 3.81740644e-01
2860.000000 3.51359878e-01
2870.000000 3.20815927e-01
2880.000000 2.92795909e-01
2890.000000 2.64647520e-01
2900.000000 2.40282855e-01
2910.000000 2.14312010e-01
2920.000000 1.92245648e-01
2930.000000 1.70384465e-01
2940.000000 1.52518494e-01
2950.000000 1.34832245e-01
2960.000000 1.20382507e-01
2970.000000 1.06083986e-01
2980.000000 9.47245431e-02
2990.000000 8.34823760e-02
3000.000000 6.09086162e-02
3010.000000 5.45108790e-02
3020.000000 4.80232811e-02
3030.000000 4.31035683e-02
3040.000000 3.81555701e-02
3050.000000 3.42889469e-02
3060.000000 3.03979547e-02
3070.000000 2.73537859e-02
3080.000000 2.43187554e-02
3090.000000 2.19895561e-02
3100.000000 1.95820496e-02
3110.000000 1.79889469e-02
3120.000000 1.62634030e-02
3130.000000 1.49918407e-02
3140.000000 1.36035248e-02
3150.000000 1.25419060e-02
3160.000000 1.14405135e-02
3170.000000 1.05963446e-02
3180.000000 9.72854656e-03
3190.000000 9.02604439e-03
3200.000000 8.30145779e-03
3210.000000 7.73115753e-03
3220.000000 7.14775892e-03
3230.000000 6.67889469e-03
3240.000000 6.17624021e-03
3250.000000 5.77637076e-03
3260.000000 5.37188860e-03
3270.000000 5.05036989e-03
3280.000000 4.71087903e-03
3290.000000 4.44105744e-03
3300.000000 4.13146214e-03
3310.000000 3.89281984e-03
3320.000000 3.65905135e-03
3330.000000 3.45274151e-03
3340.000000 3.23674935e-03
3350.000000 3.08668407e-03
3360.000000 2.89682332e-03
3370.000000 2.75087032e-03
3380.000000 2.58801131e-03
3390.000000 2.47758921e-03
3400.000000 2.33485640e-03
3410.000000 2.22186684e-03
3420.000000 2.13121410e-03
3430.000000 2.02380983e-03
3440.000000 1.92322237e-03
3450.000000 1.82950609e-03
3460.000000 1.75889687e-03
3470.000000 1.67133377e-03
3480.000000 1.59907963e-03
3490.000000 1.53421671e-03
3500.000000 1.46861401e-03
3510.000000 1.40231070e-03
3520.000000 1.35187554e-03
3530.000000 1.29251523e-03
3540.000000 1.24931462e-03
3550.000000 1.18870104e-03
3560.000000 1.15285030e-03
3570.000000 1.09955831e-03
3580.000000 1.06277633e-03
3590.000000 1.02558747e-03
3600.000000 9.87948216e-04
3610.000000 9.58598782e-04
3620.000000 9.20097911e-04
3630.000000 8.90002176e-04
3640.000000 8.59510444e-04
3650.000000 8.28644473e-04
3660.000000 8.06390339e-04
3670.000000 7.74845518e-04
3680.000000 7.51979983e-04
3690.000000 7.28827241e-04
3700.000000 7.05391645e-04
3710.000000 6.81664491e-04
3720.000000 6.66912533e-04
3730.000000 6.42654482e-04
3740.000000 6.27467363e-04
3750.000000 6.02669713e-04
3760.000000 5.87043081e-04
3770.000000 5.61681897e-04
3780.000000 5.55180592e-04
3790.000000 5.38944735e-04
3800.000000 5.22493473e-04
3810.000000 5.05859443e-04
3820.000000 4.98788077e-04
3830.000000 4.81771105e-04
3840.000000 4.64556136e-04
3850.000000 4.57071366e-04
3860.000000 4.49475631e-04
3870.000000 4.31727589e-04
3880.000000 4.23868581e-04
3890.000000 4.05752829e-04
3900.000000 3.97630548e-04
3910.000000 3.89395126e-04
3920.000000 3.81046562e-04
3930.000000 3.72587032e-04
3940.000000 3.64027415e-04
3950.000000 3.44895561e-04
3960.000000 3.36061793e-04
3970.000000 3.27108355e-04
3980.000000 3.28659704e-04
3990.000000 3.19547433e-04
4000.000000 3.10317668e-04
4010.000000 2.99497389e-04
4020.000000 2.88672759e-04
4030.000000 2.77843777e-04
4040.000000 2.77693647e-04
4050.000000 2.66855962e-04
4060.000000 2.56018277e-04
4070.000000 2.45184943e-04
4080.000000 2.45006527e-04
4090.000000 2.34175370e-04
4100.000000 2.33992602e-04
4110.000000 2.23163621e-04
4120.000000 2.12352263e-04
4130.000000 2.12152089e-04
4140.000000 2.01351393e-04
4150.000000 2.01156440e-04
