3390.000000 1.39140283e-03
3392.000000 4.47703990e-04
3394.000000 3.28658945e-03
3396.000000 4.13742600e-03
3398.000000 7.88427284e-03
3400.000000 1.19885714e-02
3402.000000 2.16019305e-02
3404.000000 3.97449163e-02
3406.000000 7.45616474e-02
3408.000000 1.43108880e-01
3410.000000 2.74061776e-01
3412.000000 4.89685972e-01
3414.000000 7.32777349e-01
3416.000000 8.62234234e-01
3418.000000 8.55214929e-01
3420.000000 8.09464607e-01
3422.000000 7.92579151e-01
3424.000000 8.15310167e-01
3426.000000 8.63456885e-01
3428.000000 9.24980695e-01
3430.000000 9.72375804e-01
3432.000000 1.00011583e+00
3434.000000 9.92576577e-01
3436.000000 9.24957529e-01
3438.000000 7.86216216e-01
3440.000000 5.94898327e-01
3442.000000 3.92046332e-01
3444.000000 2.33798970e-01
3446.000000 1.33959331e-01
3448.000000 7.65773488e-02
3450.000000 4.61485199e-02
3452.000000 2.77698842e-02
3454.000000 1.69570399e-02
3456.000000 1.04421879e-02
3458.000000 7.62108108e-03
3460.000000 4.58779923e-03
3462.000000 3.40579151e-03
3464.000000 2.42789961e-03
3466.000000 1.49965251e-03
3468.000000 3.62368082e-04
3470.000000 2.07286229e-04
