0.38000000 2.23768528e-04
0.38100000 3.09060914e-04
0.38200000 4.34167513e-04
0.38300000 6.20157360e-04
0.38400000 9.00172589e-04
0.38500000 1.32869797e-03
0.38600000 2.00541371e-03
0.38700000 3.09116751e-03
0.38800000 4.87522843e-03
0.38900000 7.87916244e-03
0.39000000 1.30936041e-02
0.39100000 2.23082234e-02
0.39200000 3.46345178e-02
0.39300000 3.53746193e-02
0.39400000 3.61205584e-02
0.39480000 3.67195431e-02
0.39500000 4.11708122e-02
0.39520000 4.63601523e-02
0.39540000 5.21413706e-02
0.39560000 5.85837563e-02
0.39580000 6.56890863e-02
0.39600000 7.37441624e-02
0.39620000 8.30903553e-02
0.39640000 9.33921320e-02
0.39660000 1.05305330e-01
0.39680000 1.17786041e-01
0.39700000 1.32675888e-01
0.39720000 1.49012690e-01
0.39740000 1.67593147e-01
0.39760000 1.88122335e-01
0.39780000 2.10469289e-01
0.39800000 2.35460914e-01
0.39820000 2.62964467e-01
0.39840000 2.92167513e-01
0.39860000 3.24857868e-01
0.39880000 3.58708122e-01
0.39900000 3.94961929e-01
0.39920000 4.32789340e-01
0.39940000 4.71241117e-01
0.39960000 5.11416244e-01
0.39980000 5.49180203e-01
0.40000000 5.89083756e-01
0.40020000 6.25949239e-01
0.40040000 6.59763959e-01
0.40060000 6.92053299e-01
0.40080000 7.24200508e-01
0.40100000 7.51091371e-01
0.40120000 7.76172589e-01
0.40140000 7.97520305e-01
0.40160000 8.17205584e-01
0.40180000 8.33710660e-01
0.40200000 8.48555838e-01
0.40220000 8.58967005e-01
0.40240000 8.70621827e-01
0.40260000 8.78822335e-01
0.40280000 8.87157360e-01
0.40300000 8.93558376e-01
0.40320000 9.00639594e-01
0.40340000 9.04961929e-01
0.40360000 9.10659898e-01
0.40380000 9.13322335e-01
0.40400000 9.17776650e-01
0.40420000 9.21116751e-01
0.40440000 9.25563452e-01
0.40460000 9.29591371e-01
0.40480000 9.32654822e-01
0.40500000 9.36959391e-01
0.40520000 9.40700508e-01
0.40540000 9.46096447e-01
0.40560000 9.48596447e-01
0.40580000 9.53162437e-01
0.40600000 9.57175127e-01
0.40620000 9.60215736e-01
0.40640000 9.63804569e-01
0.40660000 9.68634518e-01
0.40680000 9.72497462e-01
0.40700000 9.74982234e-01
0.40720000 9.80761421e-01
0.40740000 9.82822335e-01
0.40760000 9.84195431e-01
0.40780000 9.88733503e-01
0.40800000 9.90515228e-01
0.40820000 9.93664975e-01
0.40840000 9.94477157e-01
0.40860000 9.95560914e-01
0.40880000 9.97472081e-01
0.40900000 9.98829949e-01
0.40920000 9.98675127e-01
0.40940000 9.98794416e-01
0.40960000 9.98225888e-01
0.40980000 9.99992386e-01
0.41000000 9.97637056e-01
0.41020000 9.97329949e-01
0.41040000 9.97020305e-01
0.41060000 9.96850254e-01
0.41080000 9.95855330e-01
0.41100000 9.94446701e-01
0.41120000 9.93314721e-01
0.41140000 9.92043147e-01
0.41160000 9.90774112e-01
0.41180000 9.89502538e-01
0.41200000 9.90152284e-01
0.41220000 9.88182741e-01
0.41240000 9.86489848e-01
0.41260000 9.86027919e-01
0.41280000 9.83238579e-01
0.41300000 9.81956853e-01
0.41320000 9.80261421e-01
0.41340000 9.77743655e-01
0.41360000 9.73172589e-01
0.41380000 9.69563452e-01
0.41400000 9.64586294e-01
0.41420000 9.57553299e-01
0.41440000 9.49157360e-01
0.41460000 9.40352792e-01
0.41480000 9.28951777e-01
0.41500000 9.15913706e-01
0.41520000 8.99449239e-01
0.41540000 8.79845178e-01
0.41560000 8.58474619e-01
0.41580000 8.33418782e-01
0.41600000 8.07692893e-01
0.41620000 7.79109137e-01
0.41640000 7.47393401e-01
0.41660000 7.12822335e-01
0.41680000 6.78269036e-01
0.41700000 6.42771574e-01
0.41720000 6.04555838e-01
0.41740000 5.68266497e-01
0.41760000 5.30766497e-01
0.41780000 4.94236041e-01
0.41800000 4.58403553e-01
0.41820000 4.22997462e-01
0.41840000 3.90738579e-01
0.41860000 3.58631980e-01
0.41880000 3.29263959e-01
0.41900000 3.02494924e-01
0.41920000 2.77779188e-01
0.41940000 2.54164975e-01
0.41960000 2.32057614e-01
0.41980000 2.11865482e-01
0.42000000 1.93859137e-01
0.42020000 1.77076904e-01
0.42040000 1.62184518e-01
0.42060000 1.47822335e-01
0.42080000 1.34931726e-01
0.42100000 1.23610406e-01
0.42120000 1.12728173e-01
0.42140000 1.03213959e-01
0.42160000 9.44144670e-02
0.42180000 8.63713198e-02
0.42200000 7.93728426e-02
0.42220000 7.29827411e-02
0.42240000 6.71335025e-02
0.42260000 6.17170051e-02
0.42280000 5.67609137e-02
0.42300000 5.24027919e-02
0.42320000 4.82187817e-02
0.42340000 4.43190355e-02
0.42360000 4.10741117e-02
0.42380000 3.81829949e-02
0.42400000 3.53164975e-02
0.42420000 3.27769036e-02
0.42440000 3.04824873e-02
0.42460000 2.83921320e-02
0.42480000 2.63687817e-02
0.42500000 2.17409898e-02
0.42600000 1.57332995e-02
0.42700000 1.16307614e-02
0.42800000 8.77225888e-03
0.42900000 6.73406091e-03
0.43000000 5.25203046e-03
0.43100000 4.15817259e-03
0.43200000 3.34058376e-03
0.43300000 2.72124365e-03
0.43400000 2.24387310e-03
0.43500000 1.87134264e-03
0.43600000 1.57757107e-03
0.43700000 1.34210914e-03
0.43800000 1.15079695e-03
0.43900000 9.95586294e-04
0.44000000 8.69286802e-04
0.44100000 7.64012690e-04
0.44200000 6.75703046e-04
0.44300000 6.01774112e-04
0.44400000 5.38565990e-04
0.44500000 4.84170051e-04
0.44600000 4.37890863e-04
0.44700000 3.98926396e-04
0.44800000 3.65588832e-04
0.44900000 3.36464467e-04
0.45000000 3.11284264e-04
0.45100000 2.91527919e-04
0.45200000 2.74271574e-04
0.45300000 2.59172589e-04
0.45400000 2.45985279e-04
0.45500000 2.34478680e-04
0.45600000 2.24100254e-04
0.45700000 2.14876142e-04
0.45800000 2.06537817e-04
