3824.000000 6.69863434e-04
3826.000000 8.84727124e-04
3828.000000 1.32152831e-03
3830.000000 1.82929262e-03
3832.000000 2.86533170e-03
3834.000000 4.16137282e-03
3836.000000 6.38468621e-03
3838.000000 9.77888599e-03
3840.000000 1.49538131e-02
3842.000000 2.31552862e-02
3844.000000 3.58916679e-02
3846.000000 5.54478032e-02
3848.000000 8.58646617e-02
3850.000000 1.30927830e-01
3852.000000 1.96011457e-01
3854.000000 2.88804153e-01
3856.000000 4.06830853e-01
3858.000000 5.35256509e-01
3860.000000 6.59669582e-01
3862.000000 7.43905683e-01
3864.000000 8.00700731e-01
3866.000000 8.31047005e-01
3868.000000 8.55813002e-01
3870.000000 8.76865633e-01
3872.000000 9.01191755e-01
3874.000000 9.25292824e-01
3876.000000 9.47557670e-01
3878.000000 9.66896834e-01
3880.000000 9.80594343e-01
3882.000000 9.90527339e-01
3884.000000 9.97227763e-01
3886.000000 9.99335072e-01
3888.000000 9.99268580e-01
3890.000000 1.00002046e+00
3892.000000 9.96143420e-01
3894.000000 9.92532351e-01
3896.000000 9.85642678e-01
3898.000000 9.77100916e-01
3900.000000 9.67720321e-01
3902.000000 9.58037952e-01
3904.000000 9.49700783e-01
3906.000000 9.41895555e-01
3908.000000 9.32975295e-01
3910.000000 9.18822567e-01
3912.000000 8.87601657e-01
3914.000000 8.19190834e-01
3916.000000 7.09078819e-01
3918.000000 5.54938366e-01
3920.000000 3.94415119e-01
3922.000000 2.58252775e-01
3924.000000 1.63164033e-01
3926.000000 1.03129763e-01
3928.000000 6.54334817e-02
3930.000000 4.28524884e-02
3932.000000 2.81618332e-02
3934.000000 1.90800982e-02
3936.000000 1.33303156e-02
3938.000000 9.36964861e-03
3940.000000 6.55992021e-03
3942.000000 4.89892589e-03
3944.000000 3.45239118e-03
3948.000000 2.82991151e-03
3950.000000 2.56898368e-03
3960.000000 2.25963378e-03
3970.000000 1.94707176e-03
3980.000000 1.63145108e-03
3990.000000 1.31272569e-03
4000.000000 9.90895606e-04
4010.000000 6.62764053e-04
4020.000000 3.34874431e-04
