7280.000000 1.00983e-05
7290.000000 1.26399e-05
7300.000000 1.53633e-05
7310.000000 1.92917e-05
7320.000000 2.34892e-05
7330.000000 2.94745e-05
7340.000000 3.59084e-05
7350.000000 4.48972e-05
7360.000000 5.45001e-05
7370.000000 6.78003e-05
7380.000000 8.21602e-05
7390.000000 0.000102308
7400.000000 0.000123637
7410.000000 0.000153272
7420.000000 0.000184465
7430.000000 0.000227179
7440.000000 0.000272188
7450.000000 0.000333832
7460.000000 0.000397755
7470.000000 0.000484059
7480.000000 0.000573121
7490.000000 0.00069323
7500.000000 0.000815477
7510.000000 0.000978223
7520.000000 0.00114273
7530.000000 0.00135883
7540.000000 0.0015743
7550.000000 0.00193593
7560.000000 0.00195095
7570.000000 0.00196576
7576.000000 0.00197455
7578.000000 0.0020359
7580.000000 0.00209334
7582.000000 0.00215436
7584.000000 0.00222246
7586.000000 0.00228143
7588.000000 0.00234927
7590.000000 0.00241877
7592.000000 0.00248812
7594.000000 0.00256093
7596.000000 0.00263179
7598.000000 0.00270609
7600.000000 0.00278025
7602.000000 0.00285782
7604.000000 0.00293524
7606.000000 0.00301428
7608.000000 0.00309494
7610.000000 0.00318078
7612.000000 0.00326644
7614.000000 0.00335725
7616.000000 0.00344611
7618.000000 0.00353833
7620.000000 0.00363213
7622.000000 0.00372751
7624.000000 0.00382447
7626.000000 0.00392299
7628.000000 0.00402308
7630.000000 0.00412472
7632.000000 0.00422792
7634.000000 0.00433794
7636.000000 0.00444598
7638.000000 0.00455205
7640.000000 0.00466316
7642.000000 0.00477404
7644.000000 0.00488986
7646.000000 0.00500561
7648.000000 0.00512619
7650.000000 0.0052467
7652.000000 0.00536688
7654.000000 0.00548856
7656.000000 0.00561867
7658.000000 0.00574332
7660.000000 0.00587291
7662.000000 0.00600917
7664.000000 0.00614688
7666.000000 0.00628423
7668.000000 0.00642837
7670.000000 0.00657214
7672.000000 0.00671906
7674.000000 0.0068656
7676.000000 0.0070102
7678.000000 0.00715803
7680.000000 0.00730891
7682.000000 0.00746282
7684.000000 0.00762002
7686.000000 0.0077733
7688.000000 0.00792977
7690.000000 0.00808933
7692.000000 0.0082571
7694.000000 0.00841601
7696.000000 0.00858498
7698.000000 0.00875342
7700.000000 0.00892153
7702.000000 0.00909438
7704.000000 0.00926178
7706.000000 0.00943393
7708.000000 0.00960741
7710.000000 0.00978561
7712.000000 0.00997189
7714.000000 0.0101544
7716.000000 0.0103382
7718.000000 0.0105217
7720.000000 0.0107148
7722.000000 0.0109042
7724.000000 0.0110933
7726.000000 0.0112919
7728.000000 0.0114885
7730.000000 0.011683
7732.000000 0.0118822
7734.000000 0.0120876
7736.000000 0.0122892
7738.000000 0.0124854
7740.000000 0.0126878
7742.000000 0.0128882
7744.000000 0.0130948
7746.000000 0.013296
7748.000000 0.0135051
7750.000000 0.0137071
7752.000000 0.0139119
7754.000000 0.0141247
7756.000000 0.0143303
7758.000000 0.0145405
7760.000000 0.0147568
7762.000000 0.0149744
7764.000000 0.0151964
7766.000000 0.0154081
7768.000000 0.0156226
7770.000000 0.0158399
7772.000000 0.0160584
7774.000000 0.0162847
7776.000000 0.0165072
7778.000000 0.0167374
7780.000000 0.0169655
7782.000000 0.0171865
7784.000000 0.0174185
7786.000000 0.017637
7788.000000 0.0178681
7790.000000 0.0181019
7792.000000 0.0183319
7794.000000 0.0185679
7796.000000 0.0187857
7798.000000 0.0190158
7800.000000 0.0192504
7802.000000 0.0194715
7804.000000 0.0197067
7806.000000 0.0199365
7808.000000 0.0201594
7810.000000 0.0203851
7812.000000 0.0206215
7814.000000 0.0208589
7816.000000 0.0210943
7818.000000 0.0213212
7820.000000 0.0215443
7822.000000 0.0217718
7824.000000 0.0220068
7826.000000 0.022238
7828.000000 0.022472
7830.000000 0.0227118
7832.000000 0.0229511
7834.000000 0.0231883
7836.000000 0.0234233
7838.000000 0.0236531
7840.000000 0.0238872
7842.000000 0.0241302
7844.000000 0.0243664
7846.000000 0.0246116
7848.000000 0.0248341
7850.000000 0.0250655
7852.000000 0.0252855
7854.000000 0.025516
7856.000000 0.0257428
7858.000000 0.0259722
7860.000000 0.0262075
7862.000000 0.0264359
7864.000000 0.0266701
7866.000000 0.026896
7868.000000 0.0271198
7870.000000 0.0273462
7872.000000 0.0275565
7874.000000 0.0277866
7876.000000 0.0280162
7878.000000 0.0282437
7880.000000 0.028466
7882.000000 0.0286848
7884.000000 0.0289046
7886.000000 0.0291394
7888.000000 0.0293567
7890.000000 0.0295827
7892.000000 0.0298052
7894.000000 0.0300333
7896.000000 0.0302547
7898.000000 0.0304695
7900.000000 0.0306853
7902.000000 0.0308991
7904.000000 0.0311063
7906.000000 0.0313192
7908.000000 0.0315285
7910.000000 0.0317281
7912.000000 0.0319395
7914.000000 0.0321627
7916.000000 0.0323746
7918.000000 0.0325785
7920.000000 0.0327986
7922.000000 0.0329863
7924.000000 0.0332024
7926.000000 0.0333877
7928.000000 0.0335862
7930.000000 0.0337887
7932.000000 0.0339818
7934.000000 0.0341985
7936.000000 0.0343937
7938.000000 0.0346019
7940.000000 0.0347946
7942.000000 0.0349884
7944.000000 0.0351892
7946.000000 0.0353895
7948.000000 0.0355639
7950.000000 0.0357573
7952.000000 0.0359429
7954.000000 0.0361384
7956.000000 0.036332
7958.000000 0.0365088
7960.000000 0.036697
7962.000000 0.0368773
7964.000000 0.0370632
7966.000000 0.0372353
7968.000000 0.0374203
7970.000000 0.0376137
7972.000000 0.0377904
7974.000000 0.037977
7976.000000 0.0381366
7978.000000 0.0383002
7980.000000 0.0384679
7982.000000 0.0386381
7984.000000 0.0387962
7986.000000 0.0389509
7988.000000 0.0391213
7990.000000 0.0392753
7992.000000 0.0394464
7994.000000 0.0396201
7996.000000 0.0397787
7998.000000 0.0399398
8000.000000 0.0411313
8002.000000 0.0412482
8004.000000 0.0413457
8006.000000 0.0414515
8008.000000 0.0415684
8010.000000 0.041666
8012.000000 0.0417819
8014.000000 0.0418931
8016.000000 0.0420009
8018.000000 0.0421182
8020.000000 0.0422136
8022.000000 0.0423157
8024.000000 0.0424159
8026.000000 0.0425228
8028.000000 0.042615
8030.000000 0.0427239
8032.000000 0.0427995
8034.000000 0.0428989
8036.000000 0.042978
8038.000000 0.043078
8040.000000 0.0431846
8042.000000 0.0432922
8044.000000 0.0433852
8046.000000 0.0435059
8048.000000 0.0435867
8050.000000 0.0436951
8052.000000 0.0437681
8054.000000 0.0438673
8056.000000 0.0439702
8058.000000 0.0440671
8060.000000 0.0441537
8062.000000 0.0442497
8064.000000 0.0443342
8066.000000 0.0444459
8068.000000 0.0445225
8070.000000 0.0446223
8072.000000 0.0447229
8074.000000 0.0447914
8076.000000 0.0448774
8078.000000 0.0449726
8080.000000 0.0450495
8082.000000 0.0451301
8084.000000 0.0452008
8086.000000 0.0452765
8088.000000 0.0453641
8090.000000 0.0454212
8092.000000 0.0454781
8094.000000 0.045555
8096.000000 0.0456219
8098.000000 0.0457115
8100.000000 0.045775
8102.000000 0.0458543
8104.000000 0.0459184
8106.000000 0.0459943
8108.000000 0.0460576
8110.000000 0.0461312
8112.000000 0.0461778
8114.000000 0.046244
8116.000000 0.0463032
8118.000000 0.0463634
8120.000000 0.0464285
8122.000000 0.0464799
8124.000000 0.0465284
8126.000000 0.0465712
8128.000000 0.0466085
8130.000000 0.0466586
8132.000000 0.046723
8134.000000 0.046779
8136.000000 0.0468439
8138.000000 0.046894
8140.000000 0.0469397
8142.000000 0.0469787
8144.000000 0.047016
8146.000000 0.0470465
8148.000000 0.0470846
8150.000000 0.047121
8152.000000 0.0471883
8154.000000 0.0472215
8156.000000 0.0472622
8158.000000 0.0473012
8160.000000 0.0473206
8162.000000 0.0473321
8164.000000 0.047351
8166.000000 0.0473658
8168.000000 0.047392
8170.000000 0.0474293
8172.000000 0.0474613
8174.000000 0.0475134
8176.000000 0.0475295
8178.000000 0.047544
8180.000000 0.0475647
8182.000000 0.047594
8184.000000 0.0476217
8186.000000 0.047615
8188.000000 0.0476423
8190.000000 0.0476591
8192.000000 0.0476846
8194.000000 0.0477097
8196.000000 0.047712
8198.000000 0.0477292
8200.000000 0.0477185
8202.000000 0.0477153
8204.000000 0.0477317
8206.000000 0.0477417
8208.000000 0.0477515
8210.000000 0.0477598
8212.000000 0.0477753
8214.000000 0.0477893
8216.000000 0.0477932
8218.000000 0.0477809
8220.000000 0.0477856
8222.000000 0.0477828
8224.000000 0.0477945
8226.000000 0.0477863
8228.000000 0.0477841
8230.000000 0.0477732
8232.000000 0.0477487
8234.000000 0.0477265
8236.000000 0.0477297
8238.000000 0.047706
8240.000000 0.0477088
8242.000000 0.0477066
8244.000000 0.0477054
8246.000000 0.0476907
8248.000000 0.0476794
8250.000000 0.047662
8252.000000 0.0476577
8254.000000 0.0476627
8256.000000 0.0476484
8258.000000 0.0476458
8260.000000 0.0476169
8262.000000 0.0476093
8264.000000 0.047573
8266.000000 0.0475555
8268.000000 0.0475509
8270.000000 0.0475579
8272.000000 0.04756
8274.000000 0.0475584
8276.000000 0.0475342
8278.000000 0.0475216
8280.000000 0.0474854
8282.000000 0.0474621
8284.000000 0.0474385
8286.000000 0.0474265
8288.000000 0.0474155
8290.000000 0.0473996
8292.000000 0.0473686
8294.000000 0.0473397
8296.000000 0.0473096
8298.000000 0.0472805
8300.000000 0.0472778
8302.000000 0.0472806
8304.000000 0.0472626
8306.000000 0.0472535
8308.000000 0.04721
8310.000000 0.0471892
8312.000000 0.0471501
8314.000000 0.0471143
8316.000000 0.0470841
8318.000000 0.0470741
8320.000000 0.0470606
8322.000000 0.0470367
8324.000000 0.0470071
8326.000000 0.0469605
8328.000000 0.0469217
8330.000000 0.0468794
8332.000000 0.0468583
8334.000000 0.0468494
8336.000000 0.0468258
8338.000000 0.0468021
8340.000000 0.0467748
8342.000000 0.0467408
8344.000000 0.0467034
8346.000000 0.0466592
8348.000000 0.0466249
8350.000000 0.0465817
8352.000000 0.046598
8354.000000 0.0466064
8356.000000 0.0466191
8358.000000 0.0466372
8360.000000 0.0466475
8362.000000 0.0466455
8364.000000 0.0466534
8366.000000 0.046672
8368.000000 0.046695
8370.000000 0.0467024
8372.000000 0.0467251
8374.000000 0.046729
8376.000000 0.0467372
8378.000000 0.046742
8380.000000 0.0467488
8382.000000 0.0467567
8384.000000 0.0467546
8386.000000 0.0467556
8388.000000 0.0467631
8390.000000 0.0467748
8392.000000 0.0467777
8394.000000 0.0467783
8396.000000 0.0467831
8398.000000 0.0467976
8400.000000 0.0468032
8402.000000 0.0468347
8404.000000 0.0468131
8406.000000 0.0468141
8408.000000 0.0468063
8410.000000 0.0467919
8412.000000 0.0467915
8414.000000 0.046777
8416.000000 0.0467774
8418.000000 0.0467842
8420.000000 0.0467747
8422.000000 0.0467759
8424.000000 0.0467651
8426.000000 0.0467757
8428.000000 0.0467861
8430.000000 0.04679
8432.000000 0.0467937
8434.000000 0.0467995
8436.000000 0.0467731
8438.000000 0.0467712
8440.000000 0.0467532
8442.000000 0.0467447
8444.000000 0.0467371
8446.000000 0.0467262
8448.000000 0.0467152
8450.000000 0.0467042
8452.000000 0.046693
8454.000000 0.0466955
8456.000000 0.0466841
8458.000000 0.0466778
8460.000000 0.0466705
8462.000000 0.0466799
8464.000000 0.0466765
8466.000000 0.0466772
8468.000000 0.0466556
8470.000000 0.0466582
8472.000000 0.0466386
8474.000000 0.0466136
8476.000000 0.0465937
8478.000000 0.0465801
8480.000000 0.0465947
8482.000000 0.0465903
8484.000000 0.0465836
8486.000000 0.0465737
8488.000000 0.0465606
8490.000000 0.0465411
8492.000000 0.0465267
8494.000000 0.046531
8496.000000 0.046533
8498.000000 0.0465193
8500.000000 0.0464982
8502.000000 0.0464733
8504.000000 0.0464286
8506.000000 0.0464004
8508.000000 0.0463763
8510.000000 0.0463893
8512.000000 0.0463805
8514.000000 0.0463674
8516.000000 0.0463583
8518.000000 0.0463388
8520.000000 0.046313
8522.000000 0.0462871
8524.000000 0.0462785
8526.000000 0.0462668
8528.000000 0.0462488
8530.000000 0.0462379
8532.000000 0.0462135
8534.000000 0.0461829
8536.000000 0.0461706
8538.000000 0.0461356
8540.000000 0.0461139
8542.000000 0.0461013
8544.000000 0.0460671
8546.000000 0.0460604
8548.000000 0.0460463
8550.000000 0.0460241
8552.000000 0.0459987
8554.000000 0.045961
8556.000000 0.0459384
8558.000000 0.0458864
8560.000000 0.0458657
8562.000000 0.045866
8564.000000 0.0458542
8566.000000 0.0458341
8568.000000 0.0458179
8570.000000 0.0457875
8572.000000 0.045745
8574.000000 0.0457185
8576.000000 0.0457059
8578.000000 0.0456791
8580.000000 0.0456613
8582.000000 0.0456434
8584.000000 0.0456053
8586.000000 0.0455781
8588.000000 0.0455409
8590.000000 0.0455036
8592.000000 0.0454811
8594.000000 0.0454705
8596.000000 0.0454279
8598.000000 0.0454021
8600.000000 0.0453822
8602.000000 0.0453344
8604.000000 0.0453043
8606.000000 0.0452989
8608.000000 0.0452775
8610.000000 0.0452521
8612.000000 0.0452236
8614.000000 0.0451979
8616.000000 0.0451427
8618.000000 0.0451208
8620.000000 0.0450928
8622.000000 0.0450775
8624.000000 0.0450425
8626.000000 0.0450045
8628.000000 0.0449674
8630.000000 0.0449399
8632.000000 0.0448928
8634.000000 0.0448827
8636.000000 0.0448569
8638.000000 0.0448202
8640.000000 0.0447893
8642.000000 0.0447476
8644.000000 0.0447088
8646.000000 0.0446843
8648.000000 0.0446482
8650.000000 0.0445975
8652.000000 0.044573
8654.000000 0.0445397
8656.000000 0.0445141
8658.000000 0.044496
8660.000000 0.044447
8662.000000 0.0444067
8664.000000 0.0443595
8666.000000 0.0443055
8668.000000 0.0442773
8670.000000 0.0442567
8672.000000 0.0442426
8674.000000 0.0442264
8676.000000 0.0441749
8678.000000 0.0441433
8680.000000 0.0440811
8682.000000 0.0440332
8684.000000 0.0439975
8686.000000 0.0439523
8688.000000 0.0439221
8690.000000 0.0438984
8692.000000 0.0438481
8694.000000 0.0438054
8696.000000 0.0437484
8698.000000 0.0437008
8700.000000 0.0436756
8702.000000 0.0436466
8704.000000 0.0436249
8706.000000 0.0435797
8708.000000 0.0435326
8710.000000 0.0434966
8712.000000 0.0434549
8714.000000 0.0434186
8716.000000 0.0433619
8718.000000 0.0433245
8720.000000 0.0432816
8722.000000 0.0432329
8724.000000 0.043199
8726.000000 0.043153
8728.000000 0.0431373
8730.000000 0.0430837
8732.000000 0.0430466
8734.000000 0.043026
8736.000000 0.0430015
8738.000000 0.0429549
8740.000000 0.0429036
8742.000000 0.0428413
8744.000000 0.0427844
8746.000000 0.0427576
8748.000000 0.0427142
8750.000000 0.0426799
8752.000000 0.0426363
8754.000000 0.0426117
8756.000000 0.0425526
8758.000000 0.0425015
8760.000000 0.0424395
8762.000000 0.042391
8764.000000 0.0423577
8766.000000 0.042337
8768.000000 0.0423017
8770.000000 0.0422672
8772.000000 0.0422361
8774.000000 0.042161
8776.000000 0.0421065
8778.000000 0.0420502
8780.000000 0.0420018
8782.000000 0.0419453
8784.000000 0.0419136
8786.000000 0.0418783
8788.000000 0.0418358
8790.000000 0.0417887
8792.000000 0.0417495
8794.000000 0.0416996
8796.000000 0.0416629
8798.000000 0.0416225
8800.000000 0.0415873
8802.000000 0.0415397
8804.000000 0.0414743
8806.000000 0.0414187
8808.000000 0.0413673
8810.000000 0.0413176
8812.000000 0.0412756
8814.000000 0.0412179
8816.000000 0.0411862
8818.000000 0.0411388
8820.000000 0.0410999
8822.000000 0.0410592
8824.000000 0.041021
8826.000000 0.0409602
8828.000000 0.0409123
8830.000000 0.0408556
8832.000000 0.0408187
8834.000000 0.0407895
8836.000000 0.0407317
8838.000000 0.0406807
8840.000000 0.0406373
8842.000000 0.0405605
8844.000000 0.0405196
8846.000000 0.0404571
8848.000000 0.0404024
8850.000000 0.0403407
8852.000000 0.0403011
8854.000000 0.0402554
8856.000000 0.0401935
8858.000000 0.0401561
8860.000000 0.0401
8862.000000 0.0400539
8864.000000 0.0400052
8866.000000 0.0399615
8868.000000 0.0399033
8870.000000 0.0398518
8872.000000 0.0397885
8874.000000 0.0397319
8876.000000 0.039681
8878.000000 0.0396325
8880.000000 0.0395772
8882.000000 0.0395211
8884.000000 0.0394732
8886.000000 0.0394326
8888.000000 0.0393886
8890.000000 0.0393321
8892.000000 0.0392846
8894.000000 0.0392378
8896.000000 0.0391818
8898.000000 0.0391258
8900.000000 0.0390672
8902.000000 0.0390086
8904.000000 0.0389368
8906.000000 0.0388772
8908.000000 0.038829
8910.000000 0.038788
8912.000000 0.0387624
8914.000000 0.0386983
8916.000000 0.0386375
8918.000000 0.0385912
8920.000000 0.0385545
8922.000000 0.0384934
8924.000000 0.0384282
8926.000000 0.0383807
8928.000000 0.038325
8930.000000 0.0382676
8932.000000 0.0382142
8934.000000 0.0381542
8936.000000 0.0380847
8938.000000 0.0380246
8940.000000 0.0379716
8942.000000 0.0379194
8944.000000 0.0378765
8946.000000 0.0378233
8948.000000 0.0377715
8950.000000 0.0377133
8952.000000 0.037645
8954.000000 0.0375908
8956.000000 0.0375444
8958.000000 0.0374783
8960.000000 0.0374355
8962.000000 0.037363
8964.000000 0.0373014
8966.000000 0.0372319
8968.000000 0.037174
8970.000000 0.0371276
8972.000000 0.0370672
8974.000000 0.0370153
8976.000000 0.0369478
8978.000000 0.0368925
8980.000000 0.0368311
8982.000000 0.0367849
8984.000000 0.0367156
8986.000000 0.0366638
8988.000000 0.0366035
8990.000000 0.036563
8992.000000 0.0364705
8994.000000 0.0364169
8996.000000 0.0363525
8998.000000 0.0362813
9000.000000 0.0362402
9002.000000 0.0361728
9004.000000 0.0361512
9006.000000 0.0360678
9008.000000 0.0360656
9010.000000 0.0359896
9012.000000 0.0359285
9014.000000 0.0358525
9016.000000 0.0358302
9018.000000 0.0357496
9020.000000 0.035701
9022.000000 0.0356479
9024.000000 0.0355828
9026.000000 0.0355384
9028.000000 0.0354591
9030.000000 0.0354249
9032.000000 0.0353949
9034.000000 0.0353251
9036.000000 0.0352479
9038.000000 0.0352044
9040.000000 0.0351286
9042.000000 0.0350762
9044.000000 0.0350076
9046.000000 0.0349572
9048.000000 0.0349169
9050.000000 0.0348779
9052.000000 0.0348149
9054.000000 0.034762
9056.000000 0.0347089
9058.000000 0.0346537
9060.000000 0.0345832
9062.000000 0.0345242
9064.000000 0.0344601
9066.000000 0.0343967
9068.000000 0.0343454
9070.000000 0.0342826
9072.000000 0.0342183
9074.000000 0.0341532
9076.000000 0.0341137
9078.000000 0.0340711
9080.000000 0.0340334
9082.000000 0.0339758
9084.000000 0.0339012
9086.000000 0.0338343
9088.000000 0.033773
9090.000000 0.0337117
9092.000000 0.0336503
9094.000000 0.0336034
9096.000000 0.0335558
9098.000000 0.0335011
9100.000000 0.0334338
9102.000000 0.0333845
9104.000000 0.0333302
9106.000000 0.0332759
9108.000000 0.0332063
9110.000000 0.033149
9112.000000 0.0330965
9114.000000 0.0330404
9116.000000 0.0329781
9118.000000 0.0329219
9120.000000 0.0328561
9122.000000 0.0327862
9124.000000 0.0327162
9126.000000 0.0326529
9128.000000 0.0325829
9130.000000 0.0325364
9132.000000 0.0324891
9134.000000 0.032445
9136.000000 0.0323888
9138.000000 0.0323277
9140.000000 0.0322566
9142.000000 0.0321948
9144.000000 0.0321203
9146.000000 0.0320491
9148.000000 0.0319964
9150.000000 0.0319515
9152.000000 0.0318808
9154.000000 0.0318186
9156.000000 0.031757
9158.000000 0.0316907
9160.000000 0.0316178
9162.000000 0.0315606
9164.000000 0.0315091
9166.000000 0.0314537
9168.000000 0.0314111
9170.000000 0.0313625
9172.000000 0.0312919
9174.000000 0.0312225
9176.000000 0.0311311
9178.000000 0.0310662
9180.000000 0.0309954
9182.000000 0.0309444
9184.000000 0.030894
9186.000000 0.030837
9188.000000 0.030766
9190.000000 0.0306949
9192.000000 0.0306371
9194.000000 0.0305761
9196.000000 0.0305193
9198.000000 0.0304606
9200.000000 0.0304181
9202.000000 0.0303542
9204.000000 0.0302865
9206.000000 0.0302187
9208.000000 0.0301558
9210.000000 0.0300779
9212.000000 0.0300044
9214.000000 0.0299414
9216.000000 0.0298832
9218.000000 0.0298243
9220.000000 0.0297469
9222.000000 0.0296909
9224.000000 0.0296336
9226.000000 0.0295884
9228.000000 0.0295309
9230.000000 0.0294702
9232.000000 0.0294046
9234.000000 0.029339
9236.000000 0.0292642
9238.000000 0.0291948
9240.000000 0.0291151
9242.000000 0.0290648
9244.000000 0.0289953
9246.000000 0.02894
9248.000000 0.0288673
9250.000000 0.0288083
9252.000000 0.0287358
9254.000000 0.0286662
9256.000000 0.0285907
9258.000000 0.0285234
9260.000000 0.028459
9262.000000 0.0283974
9264.000000 0.028348
9266.000000 0.0282815
9268.000000 0.0282191
9270.000000 0.0281612
9272.000000 0.0280887
9274.000000 0.0280168
9276.000000 0.027954
9278.000000 0.0278826
9280.000000 0.0278116
9282.000000 0.0277452
9284.000000 0.027681
9286.000000 0.0276105
9288.000000 0.027536
9290.000000 0.0274755
9292.000000 0.027415
9294.000000 0.0273555
9296.000000 0.0272868
9298.000000 0.0272232
9300.000000 0.0271366
9302.000000 0.0270689
9304.000000 0.0269934
9306.000000 0.0269207
9308.000000 0.0268584
9310.000000 0.0268004
9312.000000 0.0267209
9314.000000 0.0266644
9316.000000 0.0265952
9318.000000 0.026527
9320.000000 0.0264592
9322.000000 0.0263898
9324.000000 0.0263198
9326.000000 0.0262557
9328.000000 0.0261812
9330.000000 0.0261153
9332.000000 0.0260461
9334.000000 0.0259768
9336.000000 0.0259123
9338.000000 0.0258445
9340.000000 0.0257792
9342.000000 0.0257081
9344.000000 0.0256295
9346.000000 0.0255504
9348.000000 0.0254791
9350.000000 0.0254072
9352.000000 0.0253312
9354.000000 0.025267
9356.000000 0.0252116
9358.000000 0.0251534
9360.000000 0.0250858
9362.000000 0.0250284
9364.000000 0.0249566
9366.000000 0.0248867
9368.000000 0.0248137
9370.000000 0.0247325
9372.000000 0.0246731
9374.000000 0.0245999
9376.000000 0.0245383
9378.000000 0.024475
9380.000000 0.0243886
9382.000000 0.0243162
9384.000000 0.0242223
9386.000000 0.0241464
9388.000000 0.0240749
9390.000000 0.0240161
9392.000000 0.0239631
9394.000000 0.0239041
9396.000000 0.0238317
9398.000000 0.0237651
9400.000000 0.0236838
9402.000000 0.0236021
9404.000000 0.0235242
9406.000000 0.0234559
9408.000000 0.0233803
9410.000000 0.0233137
9412.000000 0.0232485
9414.000000 0.0231675
9416.000000 0.0230979
9418.000000 0.0230111
9420.000000 0.02294
9422.000000 0.0228673
9424.000000 0.0228035
9426.000000 0.0227289
9428.000000 0.0226625
9430.000000 0.0225988
9432.000000 0.0225309
9434.000000 0.0224513
9436.000000 0.022385
9438.000000 0.0223022
9440.000000 0.0222253
9442.000000 0.0221551
9444.000000 0.0220722
9446.000000 0.022011
9448.000000 0.0219392
9450.000000 0.021871
9452.000000 0.0217986
9454.000000 0.0217311
9456.000000 0.0216564
9458.000000 0.0215816
9460.000000 0.02149
9462.000000 0.021416
9464.000000 0.021332
9466.000000 0.0212562
9468.000000 0.0211912
9470.000000 0.0211217
9472.000000 0.0210599
9474.000000 0.0209911
9476.000000 0.0209213
9478.000000 0.0208408
9480.000000 0.020756
9482.000000 0.0206754
9484.000000 0.0205965
9486.000000 0.0205294
9488.000000 0.0204537
9490.000000 0.0203859
9492.000000 0.0203118
9494.000000 0.0202347
9496.000000 0.0201554
9498.000000 0.0200729
9500.000000 0.0199985
9502.000000 0.0199472
9504.000000 0.0198954
9506.000000 0.0198498
9508.000000 0.0197976
9510.000000 0.0197413
9512.000000 0.0196919
9514.000000 0.0196317
9516.000000 0.0195751
9518.000000 0.0195141
9520.000000 0.0194445
9522.000000 0.0193785
9524.000000 0.0193157
9526.000000 0.0192526
9528.000000 0.019201
9530.000000 0.0191466
9532.000000 0.0190887
9534.000000 0.0190445
9536.000000 0.0189749
9538.000000 0.0189315
9540.000000 0.0188736
9542.000000 0.0188201
9544.000000 0.0187619
9546.000000 0.0187023
9548.000000 0.0186541
9550.000000 0.0186067
9552.000000 0.0185353
9554.000000 0.0184773
9556.000000 0.0184216
9558.000000 0.0183704
9560.000000 0.018314
9562.000000 0.0182356
9564.000000 0.0181714
9566.000000 0.0181192
9568.000000 0.0180508
9570.000000 0.0180012
9572.000000 0.017945
9574.000000 0.0178969
9576.000000 0.017851
9578.000000 0.0178013
9580.000000 0.0177408
9582.000000 0.0176912
9584.000000 0.0176332
9586.000000 0.0175674
9588.000000 0.017515
9590.000000 0.0174465
9592.000000 0.017383
9594.000000 0.0173236
9596.000000 0.0172687
9598.000000 0.0172203
9600.000000 0.0171704
9602.000000 0.0171114
9604.000000 0.017059
9606.000000 0.0169998
9608.000000 0.0169409
9610.000000 0.0168903
9612.000000 0.0168397
9614.000000 0.0167898
9616.000000 0.016742
9618.000000 0.0166832
9620.000000 0.016618
9622.000000 0.016557
9624.000000 0.0165007
9626.000000 0.0164405
9628.000000 0.016393
9630.000000 0.0163291
9632.000000 0.016272
9634.000000 0.0162076
9636.000000 0.0161519
9638.000000 0.0160976
9640.000000 0.016039
9642.000000 0.0159909
9644.000000 0.0159402
9646.000000 0.0158871
9648.000000 0.0158316
9650.000000 0.0157734
9652.000000 0.0157121
9654.000000 0.0156538
9656.000000 0.0156003
9658.000000 0.0155477
9660.000000 0.0154955
9662.000000 0.0154398
9664.000000 0.0153791
9666.000000 0.0153251
9668.000000 0.0152685
9670.000000 0.0152195
9672.000000 0.0151664
9674.000000 0.0151066
9676.000000 0.0150493
9678.000000 0.014985
9680.000000 0.0149192
9682.000000 0.0148648
9684.000000 0.0148135
9686.000000 0.0147664
9688.000000 0.0147198
9690.000000 0.0146579
9692.000000 0.014606
9694.000000 0.0145493
9696.000000 0.0144886
9698.000000 0.0144361
9700.000000 0.0143872
9702.000000 0.0143362
9704.000000 0.014275
9706.000000 0.0142165
9708.000000 0.0141587
9710.000000 0.014113
9712.000000 0.0140581
9714.000000 0.014008
9716.000000 0.0139486
9718.000000 0.0138997
9720.000000 0.0138401
9722.000000 0.0137845
9724.000000 0.0137311
9726.000000 0.0136734
9728.000000 0.0136198
9730.000000 0.0135577
9732.000000 0.013505
9734.000000 0.0134535
9736.000000 0.0133962
9738.000000 0.0133456
9740.000000 0.0132897
9742.000000 0.0132396
9744.000000 0.0131822
9746.000000 0.013131
9748.000000 0.0130745
9750.000000 0.0130253
9752.000000 0.0129672
9754.000000 0.0129084
9756.000000 0.01285
9758.000000 0.0127922
9760.000000 0.0127318
9762.000000 0.0126735
9764.000000 0.0126213
9766.000000 0.0125737
9768.000000 0.0125306
9770.000000 0.0124766
9772.000000 0.0124195
9774.000000 0.012364
9776.000000 0.0123059
9778.000000 0.0122502
9780.000000 0.0121991
9782.000000 0.0121371
9784.000000 0.0120706
9786.000000 0.012015
9788.000000 0.0119604
9790.000000 0.0119104
9792.000000 0.0118624
9794.000000 0.0118132
9796.000000 0.0117642
9798.000000 0.0117063
9800.000000 0.0116533
9802.000000 0.0115927
9804.000000 0.0115405
9806.000000 0.0114848
9808.000000 0.0114296
9810.000000 0.0113759
9812.000000 0.0113201
9814.000000 0.011263
9816.000000 0.011207
9818.000000 0.0111496
9820.000000 0.0110929
9822.000000 0.0110442
9824.000000 0.0109889
9826.000000 0.0109367
9828.000000 0.0108788
9830.000000 0.010824
9832.000000 0.0107771
9834.000000 0.0107245
9836.000000 0.0106686
9838.000000 0.0106193
9840.000000 0.0105621
9842.000000 0.0105098
9844.000000 0.0104525
9846.000000 0.0104016
9848.000000 0.0103385
9850.000000 0.0102816
9852.000000 0.0102312
9854.000000 0.0101745
9856.000000 0.01013
9858.000000 0.0100791
9860.000000 0.0100267
9862.000000 0.00997563
9864.000000 0.00992295
9866.000000 0.00987132
9868.000000 0.0098187
9870.000000 0.00975838
9872.000000 0.0097047
9874.000000 0.00964774
9876.000000 0.00959281
9878.000000 0.00954203
9880.000000 0.00948972
9882.000000 0.00944015
9884.000000 0.00938886
9886.000000 0.00933912
9888.000000 0.00928485
9890.000000 0.00923121
9892.000000 0.00917594
9894.000000 0.00912
9896.000000 0.00907116
9898.000000 0.00902214
9900.000000 0.00897021
9902.000000 0.00891922
9904.000000 0.00886411
9906.000000 0.00880925
9908.000000 0.00875411
9910.000000 0.00870278
9912.000000 0.00864795
9914.000000 0.00859863
9916.000000 0.00854827
9918.000000 0.00849206
9920.000000 0.00844024
9922.000000 0.00839291
9924.000000 0.00834064
9926.000000 0.00828656
9928.000000 0.00823323
9930.000000 0.00818262
9932.000000 0.00813172
9934.000000 0.00808019
9936.000000 0.00802674
9938.000000 0.0079758
9940.000000 0.00792199
9942.000000 0.0078673
9944.000000 0.00781842
9946.000000 0.00776607
9948.000000 0.00771693
9950.000000 0.00766452
9952.000000 0.00761233
9954.000000 0.00756128
9956.000000 0.0075173
9958.000000 0.00746659
9960.000000 0.00741622
9962.000000 0.00736319
9964.000000 0.00730949
9966.000000 0.00725734
9968.000000 0.00720805
9970.000000 0.00715368
9972.000000 0.00710187
9974.000000 0.00705284
9976.000000 0.00700056
9978.000000 0.0069475
9980.000000 0.00689958
9982.000000 0.00684831
9984.000000 0.00679849
9986.000000 0.00674939
9988.000000 0.00669977
9990.000000 0.00664747
9992.000000 0.00659431
9994.000000 0.00654058
9996.000000 0.00649382
9998.000000 0.00644403
10000.000000 0.00639273
10002.000000 0.00636624
10004.000000 0.00633694
10006.000000 0.00630873
10008.000000 0.00628272
10010.000000 0.00625216
10012.000000 0.00622167
10014.000000 0.00619314
10016.000000 0.00616705
10018.000000 0.00613935
10020.000000 0.00611057
10022.000000 0.00608112
10024.000000 0.00605011
10026.000000 0.00602311
10028.000000 0.00599638
10030.000000 0.00596763
10032.000000 0.00594147
10034.000000 0.00591186
10036.000000 0.00587883
10038.000000 0.00585258
10040.000000 0.00582707
10042.000000 0.00580254
10044.000000 0.00577273
10046.000000 0.00574603
10048.000000 0.00571425
10050.000000 0.0056873
10052.000000 0.00565891
10054.000000 0.00563057
10056.000000 0.00560514
10058.000000 0.00557974
10060.000000 0.00555369
10062.000000 0.00552858
10064.000000 0.0054998
10066.000000 0.00547108
10068.000000 0.00544586
10070.000000 0.00541737
10072.000000 0.00539025
10074.000000 0.00536526
10076.000000 0.00533899
10078.000000 0.0053105
10080.000000 0.00528389
10082.000000 0.00525701
10084.000000 0.00522934
10086.000000 0.00520288
10088.000000 0.00517815
10090.000000 0.00515314
10092.000000 0.00512744
10094.000000 0.00510218
10096.000000 0.005075
10098.000000 0.0050485
10100.000000 0.00501938
10102.000000 0.00499177
10104.000000 0.00496583
10106.000000 0.00493944
10108.000000 0.004913
10110.000000 0.0048886
10112.000000 0.00485869
10114.000000 0.00483448
10116.000000 0.00480932
10118.000000 0.00478108
10120.000000 0.00475746
10122.000000 0.00473002
10124.000000 0.00470562
10126.000000 0.00467849
10128.000000 0.00465265
10130.000000 0.00462752
10132.000000 0.0046029
10134.000000 0.00457776
10136.000000 0.00455184
10138.000000 0.00452541
10140.000000 0.0044984
10142.000000 0.00447383
10144.000000 0.00445074
10146.000000 0.00442588
10148.000000 0.0044016
10150.000000 0.00437611
10152.000000 0.00435254
10154.000000 0.00432609
10156.000000 0.00429996
10158.000000 0.00427425
10160.000000 0.00424851
10162.000000 0.0042236
10164.000000 0.00419942
10166.000000 0.00417469
10168.000000 0.00415288
10170.000000 0.00412924
10172.000000 0.00410363
10174.000000 0.00407999
10176.000000 0.00405407
10178.000000 0.00402945
10180.000000 0.00400529
10182.000000 0.00397907
10184.000000 0.00395502
10186.000000 0.00392836
10188.000000 0.00390306
10190.000000 0.00387917
10192.000000 0.00385587
10194.000000 0.00383237
10196.000000 0.00380752
10198.000000 0.00378535
10200.000000 0.00376022
10202.000000 0.00373522
10204.000000 0.00371287
10206.000000 0.00368859
10208.000000 0.00366563
10210.000000 0.0036433
10212.000000 0.00362079
10214.000000 0.00359677
10216.000000 0.00357317
10218.000000 0.00354832
10220.000000 0.00352339
10222.000000 0.00350002
10224.000000 0.00347685
10226.000000 0.00345358
10228.000000 0.00342911
10230.000000 0.00340539
10232.000000 0.00338317
10234.000000 0.00336264
10236.000000 0.00333913
10238.000000 0.00331682
10240.000000 0.00329522
10242.000000 0.00327238
10244.000000 0.00324827
10246.000000 0.00322462
10248.000000 0.00319966
10250.000000 0.00317724
10252.000000 0.00315435
10254.000000 0.00313094
10256.000000 0.00310943
10258.000000 0.00308682
10260.000000 0.00306432
10262.000000 0.00304286
10264.000000 0.00302045
10266.000000 0.00299852
10268.000000 0.00297597
10270.000000 0.00295461
10272.000000 0.00293144
10274.000000 0.0029101
10276.000000 0.00288828
10278.000000 0.00286504
10280.000000 0.00284297
10282.000000 0.00282152
10284.000000 0.00279881
10286.000000 0.00277694
10288.000000 0.00275485
10290.000000 0.00273208
10292.000000 0.00271104
10294.000000 0.00268763
10296.000000 0.00266679
10298.000000 0.00264788
10300.000000 0.00262678
10302.000000 0.00260637
10304.000000 0.0025834
10306.000000 0.00256087
10308.000000 0.00253914
10310.000000 0.00251782
10312.000000 0.00249584
10314.000000 0.00247453
10316.000000 0.00245417
10318.000000 0.0024333
10320.000000 0.00241322
10322.000000 0.00239141
10324.000000 0.00236967
10326.000000 0.0023499
10328.000000 0.00232898
10330.000000 0.00230745
10332.000000 0.00228641
10334.000000 0.00226606
10336.000000 0.00224604
10338.000000 0.00222505
10340.000000 0.00220376
10342.000000 0.00218356
10344.000000 0.00216451
10346.000000 0.00214513
10348.000000 0.00212418
10350.000000 0.00210342
10352.000000 0.00208531
10354.000000 0.00206464
10356.000000 0.00204515
10358.000000 0.00202323
10360.000000 0.00200335
10362.000000 0.00198311
10364.000000 0.00196213
10366.000000 0.00194192
10368.000000 0.00192268
10370.000000 0.00190251
10372.000000 0.00188373
10374.000000 0.00186411
10376.000000 0.00184462
10378.000000 0.00182483
10380.000000 0.00180517
10382.000000 0.0017856
10384.000000 0.00176619
10386.000000 0.00174697
10388.000000 0.00172681
10390.000000 0.00170744
10392.000000 0.00168831
10394.000000 0.00166901
10396.000000 0.0016497
10398.000000 0.00163107
10400.000000 0.00161205
10402.000000 0.00159322
10404.000000 0.00157474
10406.000000 0.00155545
10408.000000 0.00153682
10410.000000 0.00151739
10412.000000 0.00149781
10414.000000 0.00147921
10416.000000 0.00146068
10418.000000 0.0014417
10420.000000 0.00142389
10422.000000 0.00140556
10424.000000 0.00138775
10426.000000 0.00136984
10428.000000 0.00135105
10430.000000 0.00133276
10432.000000 0.00131482
10434.000000 0.00129606
10436.000000 0.00127795
10438.000000 0.0012598
10440.000000 0.00124176
10442.000000 0.00122354
10444.000000 0.00120555
10446.000000 0.00118729
10448.000000 0.0011699
10450.000000 0.00115267
10452.000000 0.00113544
10454.000000 0.00111741
10456.000000 0.00109943
10458.000000 0.0010817
10460.000000 0.00106373
10462.000000 0.00104593
10464.000000 0.0010286
10466.000000 0.00101122
10468.000000 0.000993919
10470.000000 0.00097609
10472.000000 0.000958662
10474.000000 0.000941673
10476.000000 0.000924725
10478.000000 0.000907447
10480.000000 0.000890733
10482.000000 0.000873715
10484.000000 0.000856536
10486.000000 0.000839723
10488.000000 0.000822819
10490.000000 0.000805982
10492.000000 0.000789468
10494.000000 0.000772519
10496.000000 0.000756492
10498.000000 0.000739821
10500.000000 0.000722579
10502.000000 0.000719146
10504.000000 0.000715633
10506.000000 0.000712142
10508.000000 0.000708862
10510.000000 0.000705646
10512.000000 0.000702565
10514.000000 0.000699088
10516.000000 0.000695605
10518.000000 0.000692004
10520.000000 0.000688722
10522.000000 0.000685026
10524.000000 0.000681327
10526.000000 0.000678179
10528.000000 0.000674899
10530.000000 0.000671735
10532.000000 0.000668427
10534.000000 0.000665398
10536.000000 0.000662185
10538.000000 0.000658385
10540.000000 0.000655643
10542.000000 0.000652063
10544.000000 0.000648851
10546.000000 0.000645554
10548.000000 0.000641896
10550.000000 0.00063859
10552.000000 0.000635214
10554.000000 0.000631949
10556.000000 0.000629002
10558.000000 0.00062561
10560.000000 0.000622266
10562.000000 0.000619133
10564.000000 0.000615843
10566.000000 0.000612674
10568.000000 0.000609425
10570.000000 0.000606445
10572.000000 0.00060347
10574.000000 0.000600562
10576.000000 0.000597303
10578.000000 0.000594163
10580.000000 0.000590752
10582.000000 0.000587748
10584.000000 0.000584547
10586.000000 0.000581425
10588.000000 0.0005785
10590.000000 0.000575392
10592.000000 0.000572162
10594.000000 0.000569232
10596.000000 0.000566227
10598.000000 0.000563263
10600.000000 0.000560065
10602.000000 0.000556784
10604.000000 0.000553807
10606.000000 0.000550566
10608.000000 0.000547447
10610.000000 0.000544392
10612.000000 0.000541156
10614.000000 0.00053857
10616.000000 0.00053558
10618.000000 0.000532651
10620.000000 0.000529741
10622.000000 0.000526502
10624.000000 0.000523874
10626.000000 0.000520673
10628.000000 0.000518108
10630.000000 0.000514892
10632.000000 0.000511949
10634.000000 0.000508429
10636.000000 0.00050543
10638.000000 0.000502543
10640.000000 0.00049955
10642.000000 0.000496769
10644.000000 0.000493821
10646.000000 0.000491445
10648.000000 0.00048861
10650.000000 0.000485613
10652.000000 0.00048295
10654.000000 0.000479978
10656.000000 0.000477151
10658.000000 0.000474515
10660.000000 0.000471363
10662.000000 0.00046849
10664.000000 0.000465482
10666.000000 0.000462597
10668.000000 0.000459758
10670.000000 0.00045702
10672.000000 0.000454075
10674.000000 0.000451277
10676.000000 0.000448441
10678.000000 0.000445512
10680.000000 0.00044301
10682.000000 0.000440223
10684.000000 0.000437534
10686.000000 0.000434967
10688.000000 0.000432263
10690.000000 0.000429539
10692.000000 0.000426735
10694.000000 0.000423861
10696.000000 0.000421255
10698.000000 0.000418347
10700.000000 0.000415738
10702.000000 0.000412983
10704.000000 0.000410219
10706.000000 0.000407413
10708.000000 0.000404807
10710.000000 0.000402067
10712.000000 0.000399443
10714.000000 0.000396915
10716.000000 0.000394416
10718.000000 0.000391932
10720.000000 0.000389308
10722.000000 0.000386589
10724.000000 0.000383973
10726.000000 0.00038149
10728.000000 0.000378911
10730.000000 0.000376208
10732.000000 0.000373575
10734.000000 0.000371042
10736.000000 0.000368364
10738.000000 0.000365612
10740.000000 0.000363034
10742.000000 0.000360686
10744.000000 0.000358012
10746.000000 0.00035558
10748.000000 0.000353147
10750.000000 0.000350756
10752.000000 0.000348356
10754.000000 0.00034582
10756.000000 0.000343123
10758.000000 0.000340582
10760.000000 0.000338022
10762.000000 0.000335264
10764.000000 0.000332695
10766.000000 0.000330372
10768.000000 0.000327772
10770.000000 0.000325455
10772.000000 0.000323104
10774.000000 0.000320812
10776.000000 0.000318407
10778.000000 0.000316023
10780.000000 0.000313587
10782.000000 0.000311114
10784.000000 0.000308884
10786.000000 0.000306414
10788.000000 0.000304027
10790.000000 0.000301734
10792.000000 0.000299263
10794.000000 0.000296843
10796.000000 0.000294383
10798.000000 0.000291921
10800.000000 0.000289759
10802.000000 0.000287372
10804.000000 0.000284981
10806.000000 0.000282738
10808.000000 0.000280466
10810.000000 0.000278316
10812.000000 0.000275847
10814.000000 0.000273642
10816.000000 0.000271431
10818.000000 0.000269105
10820.000000 0.000266765
10822.000000 0.000264532
10824.000000 0.000262257
10826.000000 0.000260001
10828.000000 0.000257683
10830.000000 0.000255353
10832.000000 0.000253167
10834.000000 0.000251061
10836.000000 0.000248899
10838.000000 0.000246819
10840.000000 0.000244654
10842.000000 0.000242451
10844.000000 0.000240191
10846.000000 0.000238117
10848.000000 0.000235835
10850.000000 0.000233614
10852.000000 0.000231441
10854.000000 0.000229379
10856.000000 0.000227314
10858.000000 0.000225237
10860.000000 0.000223074
10862.000000 0.000221033
10864.000000 0.000218889
10866.000000 0.000216852
10868.000000 0.000214804
10870.000000 0.000212639
10872.000000 0.000210566
10874.000000 0.000208465
10876.000000 0.000206377
10878.000000 0.000204246
10880.000000 0.000202233
10882.000000 0.000200098
10884.000000 0.000198095
10886.000000 0.000196042
10888.000000 0.000194153
10890.000000 0.000192206
10892.000000 0.000190217
10894.000000 0.000188395
10896.000000 0.000186308
10898.000000 0.000184256
10900.000000 0.000182214
10902.000000 0.000180251
10904.000000 0.000178177
10906.000000 0.000176263
10908.000000 0.000174279
10910.000000 0.000172364
10912.000000 0.000170456
10914.000000 0.000168548
10916.000000 0.000166678
10918.000000 0.000164706
10920.000000 0.000162819
10922.000000 0.00016095
10924.000000 0.000159051
10926.000000 0.000157222
10928.000000 0.000155373
10930.000000 0.00015355
10932.000000 0.000151674
10934.000000 0.000149774
10936.000000 0.000147896
10938.000000 0.000146013
10940.000000 0.000144199
10942.000000 0.00014233
10944.000000 0.000140586
10946.000000 0.000138824
10948.000000 0.000137041
10950.000000 0.000135297
10952.000000 0.000133486
10954.000000 0.000131702
10956.000000 0.000129954
10958.000000 0.000128198
10960.000000 0.000126389
10962.000000 0.000124604
10964.000000 0.000122855
10966.000000 0.000121104
10968.000000 0.000119395
10970.000000 0.000117671
10972.000000 0.000115994
10974.000000 0.000114249
10976.000000 0.000112562
10978.000000 0.000110912
10980.000000 0.000109274
10982.000000 0.000107594
10984.000000 0.00010593
10986.000000 0.000104304
10988.000000 0.000102611
10990.000000 0.000100932
10992.000000 9.9269e-05
10994.000000 9.76163e-05
10996.000000 9.59757e-05
10998.000000 9.42903e-05
11000.000000 9.27683e-05
11010.000000 9.155e-05
11020.000000 9.03315e-05
11030.000000 8.91129e-05
11040.000000 8.78941e-05
11050.000000 8.66751e-05
11060.000000 8.5456e-05
11070.000000 8.42366e-05
11080.000000 8.30171e-05
11090.000000 8.17974e-05
11100.000000 8.05776e-05
11110.000000 7.93576e-05
11120.000000 7.81374e-05
11130.000000 7.69171e-05
11140.000000 7.56965e-05
11150.000000 7.44759e-05
11160.000000 7.3255e-05
11170.000000 7.20339e-05
11180.000000 7.08127e-05
11190.000000 6.95913e-05
11200.000000 6.83698e-05
11210.000000 6.7148e-05
11220.000000 6.59262e-05
11230.000000 6.47041e-05
11240.000000 6.34818e-05
11250.000000 6.22594e-05
11260.000000 6.10368e-05
11270.000000 5.98141e-05
11280.000000 5.85911e-05
11290.000000 5.73681e-05
11300.000000 5.61447e-05
11310.000000 5.49213e-05
11320.000000 5.36977e-05
11330.000000 5.24739e-05
11340.000000 5.12499e-05
11350.000000 5.00258e-05
11360.000000 4.88015e-05
11370.000000 4.7577e-05
11380.000000 4.63524e-05
11390.000000 4.51275e-05
11400.000000 4.39025e-05
11410.000000 4.26774e-05
11420.000000 4.1452e-05
11430.000000 4.02265e-05
11440.000000 3.90009e-05
11450.000000 3.7775e-05
11460.000000 3.6549e-05
11470.000000 3.53228e-05
11480.000000 3.40964e-05
11490.000000 3.28699e-05
11500.000000 3.16432e-05
11510.000000 3.04163e-05
11520.000000 2.91892e-05
11530.000000 2.7962e-05
11540.000000 2.67346e-05
11550.000000 2.5507e-05
11560.000000 2.42793e-05
11570.000000 2.30514e-05
11580.000000 2.18233e-05
11590.000000 2.0595e-05
11600.000000 1.93666e-05
11610.000000 1.8138e-05
11620.000000 1.69092e-05
11630.000000 1.56803e-05
11640.000000 1.44512e-05
11650.000000 1.32219e-05
11660.000000 1.19924e-05
11670.000000 1.07628e-05
