4822.000000 2.20506452e-04
4824.000000 3.87555518e-04
4826.000000 7.75988802e-04
4828.000000 1.28997411e-03
4830.000000 2.67714232e-03
4832.000000 5.27088640e-03
4834.000000 1.04194750e-02
4836.000000 1.91585872e-02
4838.000000 3.45408045e-02
4840.000000 6.08188267e-02
4842.000000 9.99490601e-02
4844.000000 1.66598186e-01
4846.000000 2.65640853e-01
4848.000000 4.20891658e-01
4850.000000 6.16871198e-01
4852.000000 8.10438462e-01
4854.000000 9.25387838e-01
4856.000000 9.70212811e-01
4858.000000 9.85736839e-01
4860.000000 9.94964953e-01
4862.000000 9.98985413e-01
4864.000000 9.99993685e-01
4866.000000 9.96067948e-01
4868.000000 9.88776391e-01
4870.000000 9.76352959e-01
4872.000000 9.54613004e-01
4874.000000 9.23360768e-01
4876.000000 8.84795925e-01
4878.000000 8.33908687e-01
4880.000000 7.47647715e-01
4882.000000 5.81249079e-01
4884.000000 3.57905151e-01
4886.000000 1.75257330e-01
4888.000000 7.83097228e-02
4890.000000 3.44736565e-02
4892.000000 1.61181510e-02
4894.000000 8.24872124e-03
4896.000000 4.51516619e-03
4898.000000 2.48327615e-03
4900.000000 1.37985981e-03
4902.000000 8.37354495e-04
4904.000000 4.89820448e-04
